1747986923.095554 1.500730395 2.217002153 0.000625125 0.999999225 -0.000564357 0.000363242 0.001041385
1747986923.123188 1.500808358 2.219110012 0.000694192 0.999999762 -0.000520059 0.000373468 0.000341954
1747986923.151115 1.500963330 2.220555305 0.000799320 0.999999583 -0.000796480 0.000368622 -0.000342389
1747986923.178700 1.500415087 2.222408056 0.001675535 0.999998629 -0.000626108 0.000738834 -0.001358825
1747986923.206229 1.500724673 2.224289179 0.001865365 0.999998569 -0.000605547 0.000598809 -0.001459519
1747986923.233858 1.500822544 2.226760864 0.002136063 0.999996066 -0.000223660 0.000683762 -0.002715681
1747986923.261536 1.500692606 2.228225946 0.002362264 0.999993503 -0.000169765 0.000908324 -0.003491255
1747986923.289233 1.500881076 2.229541779 0.001962777 0.999992073 -0.000348421 0.000821045 -0.003885126
1747986923.316717 1.501165152 2.231356144 0.001665125 0.999993980 -0.000291613 0.000743239 -0.003387190
1747986923.344499 1.501184702 2.232445240 0.001837547 0.999994218 -0.000412894 0.000696636 -0.003305249
1747986923.371981 1.501151443 2.234220982 0.002156008 0.999988496 -0.000352863 0.000712153 -0.004734874
1747986923.399405 1.501227379 2.235697031 0.002282335 0.999984086 -0.000316882 0.000636115 -0.005599724
1747986923.427114 1.501282454 2.237334251 0.002331400 0.999983132 -0.000191359 0.000609973 -0.005772784
1747986923.454795 1.501365066 2.238779545 0.002093777 0.999979496 -0.000275302 0.000526949 -0.006379999
1747986923.482647 1.501237988 2.240171671 0.002194675 0.999982238 -0.000322361 0.000553800 -0.005927172
1747986923.510383 1.501315475 2.241651773 0.002529614 0.999981642 -0.000138824 0.000498943 -0.006042217
1747986923.537259 1.501306772 2.242800474 0.002474433 0.999981701 -0.000186635 0.000512715 -0.006029977
1747986923.565018 1.501419783 2.243321419 0.002193124 0.999982119 -0.000519007 0.000460708 -0.005938292
1747986923.592820 1.501393914 2.244290590 0.002513557 0.999983430 -0.000539139 0.000448755 -0.005716895
1747986923.619577 1.501432657 2.245435238 0.002267637 0.999983907 -0.000548716 0.000417148 -0.005633116
1747986923.647337 1.501267433 2.246250153 0.002028017 0.999988258 -0.000689369 0.000391696 -0.004786273
1747986923.674985 1.501067519 2.247267723 0.002440818 0.999987841 -0.000668206 0.000443233 -0.004870404
1747986923.702627 1.501025319 2.248428106 0.002360417 0.999991238 -0.000697675 0.000382233 -0.004110370
1747986923.730129 1.501001239 2.249719858 0.002353327 0.999992847 -0.000657520 0.000299297 -0.003710927
1747986923.758111 1.501044631 2.250695467 0.002124257 0.999992907 -0.000750517 0.000220023 -0.003691026
1747986923.784964 1.500633597 2.252031803 0.002379820 0.999994338 -0.000788781 0.000259268 -0.003259611
1747986923.812911 1.500764370 2.253145695 0.002373673 0.999995708 -0.000922488 0.000108126 -0.002781150
1747986923.839997 1.500503421 2.253842592 0.002395761 0.999995112 -0.001060521 0.000210073 -0.002933435
1747986923.867784 1.500769615 2.254761219 0.001907797 0.999995053 -0.001361040 -0.000030007 -0.002840677
1747986923.895563 1.500614882 2.256126404 0.002183710 0.999995530 -0.001251436 0.000016263 -0.002715259
1747986923.922683 1.500619888 2.257292271 0.002282689 0.999994040 -0.001284837 0.000088344 -0.003211572
1747986923.950439 1.500674367 2.258651733 0.002530808 0.999993205 -0.001273258 0.000056773 -0.003470093
1747986923.978256 1.500707984 2.259599924 0.002321035 0.999993026 -0.001382293 0.000001267 -0.003465134
1747986924.006109 1.500628114 2.260810137 0.002319566 0.999989033 -0.001356552 0.000045157 -0.004487022
1747986924.034041 1.500712991 2.262085199 0.002617301 0.999973893 -0.001328647 0.000157586 -0.007103464
1747986924.062139 1.500952721 2.263063431 0.002528807 0.999961376 -0.001410180 0.000107683 -0.008680196
1747986924.088961 1.500971913 2.263649225 0.002788425 0.999944746 -0.001541021 0.000198096 -0.010398581
1747986924.115451 1.501243472 2.264661551 0.002434236 0.999924898 -0.001504865 0.000217991 -0.012163670
1747986924.142893 1.501328707 2.265354872 0.002417136 0.999912083 -0.001546012 0.000272822 -0.013168442
1747986924.170517 1.501595140 2.266290188 0.002550142 0.999902070 -0.001509751 0.000218343 -0.013910310
1747986924.198097 1.501547217 2.266953468 0.002429089 0.999876320 -0.001529705 0.000346759 -0.015649157
1747986924.225801 1.501455069 2.267408609 0.002536496 0.999862134 -0.001502015 0.000417971 -0.016534099
1747986924.253478 1.501859665 2.267980099 0.002541787 0.999863565 -0.001500836 0.000239062 -0.016449487
1747986924.281190 1.501844883 2.267834663 0.002569605 0.999868989 -0.001837851 0.000259797 -0.016080361
1747986924.308830 1.501615763 2.268271446 0.002582965 0.999877512 -0.001857093 0.000355192 -0.015539401
1747986924.336776 1.501739860 2.268994331 0.002451076 0.999905229 -0.001684794 0.000241941 -0.013664832
1747986924.363580 1.501809120 2.270205975 0.002574765 0.999918044 -0.001525738 0.000106976 -0.012713409
1747986924.391321 1.501719952 2.270675659 0.002403268 0.999908924 -0.001513424 0.000164675 -0.013412545
1747986924.418169 1.501690865 2.271531105 0.003035188 0.999907374 -0.001429109 0.000182309 -0.013534058
1747986924.446100 1.501703143 2.271959543 0.002697765 0.999943912 -0.000790446 0.000270547 -0.010558468
1747986924.473825 1.501838446 2.272339344 0.002916290 0.999907494 -0.000148762 0.000333909 -0.013598887
1747986924.501412 1.501903534 2.272321224 0.002697305 0.999893904 -0.000191474 0.000327361 -0.014560672
1747986924.529243 1.501990914 2.272741795 0.002776667 0.999891758 -0.000097739 0.000247285 -0.014713949
1747986924.557001 1.501929045 2.273231745 0.002930982 0.999894619 -0.000096558 0.000401681 -0.014512326
1747986924.584615 1.501963019 2.273393154 0.002633620 0.999907672 -0.000229963 0.000308472 -0.013583080
1747986924.612469 1.501794338 2.274071693 0.002695756 0.999918342 -0.000233421 0.000398453 -0.012769430
1747986924.639179 1.501730800 2.274477243 0.003126287 0.999921322 -0.000272883 0.000401239 -0.012536589
1747986924.666024 1.501862168 2.275178432 0.003093907 0.999939382 -0.000324303 0.000297377 -0.011002989
1747986924.693818 1.501910806 2.276030540 0.003068954 0.999944150 -0.000242897 0.000309980 -0.010561309
1747986924.721653 1.501911759 2.276276350 0.003081862 0.999944448 -0.000408006 0.000263326 -0.010530147
1747986924.749501 1.501784563 2.277451992 0.003095196 0.999951243 -0.000364300 0.000425768 -0.009859251
1747986924.777097 1.501764059 2.278395653 0.003177041 0.999960780 -0.000506761 0.000350313 -0.008838396
1747986924.805154 1.501823306 2.279415846 0.003083007 0.999965429 -0.000598195 0.000300698 -0.008289117
1747986924.832930 1.501719475 2.280257940 0.003246356 0.999959767 -0.000621149 0.000457020 -0.008938187
1747986924.860814 1.501954317 2.281213999 0.003269338 0.999952197 -0.001440590 0.000227348 -0.009666533
1747986924.888642 1.501818180 2.282462120 0.003003967 0.999956369 -0.001943013 0.000202713 -0.009134976
1747986924.916584 1.501784921 2.283449650 0.003073062 0.999956906 -0.001931962 0.000210932 -0.009079762
1747986924.944534 1.501812220 2.284628391 0.002987399 0.999960303 -0.001987563 0.000212877 -0.008683762
1747986924.972159 1.501772881 2.286377907 0.003152768 0.999963224 -0.001677879 0.000163764 -0.008414246
1747986924.999987 1.501754403 2.287692547 0.003237285 0.999967098 -0.001742651 0.000189114 -0.007922189
1747986925.027483 1.501473904 2.288891077 0.003629499 0.999969065 -0.001651805 0.000286753 -0.007690237
1747986925.055121 1.501430511 2.289978743 0.003750704 0.999972463 -0.002943354 0.000056384 -0.006817875
1747986925.082780 1.501639009 2.291816235 0.003483431 0.999956071 -0.003073388 0.000127646 -0.008855687
1747986925.110516 1.501849771 2.292621136 0.003396236 0.999947071 -0.002905953 0.000236091 -0.009868795
1747986925.138185 1.502111912 2.293529034 0.002955715 0.999942958 -0.002947312 0.000232207 -0.010262805
1747986925.165938 1.502120733 2.294615746 0.003209357 0.999950469 -0.002922758 0.000266662 -0.009514229
1747986925.192793 1.502197504 2.295190096 0.003218768 0.999948323 -0.003038384 0.000279560 -0.009699140
1747986925.220665 1.502102375 2.296218157 0.003350614 0.999936640 -0.002786807 0.000504187 -0.010896491
1747986925.248221 1.502412438 2.297475100 0.003612194 0.999934256 -0.002624666 0.000446268 -0.011157287
1747986925.275550 1.502360702 2.298351288 0.003775511 0.999939978 -0.002633025 0.000537797 -0.010624862
1747986925.303016 1.502289891 2.299101591 0.003784852 0.999951839 -0.002625186 0.000504631 -0.009442966
1747986925.330720 1.502231479 2.300080299 0.003804383 0.999959290 -0.002548782 0.000680735 -0.008631076
1747986925.358126 1.502356887 2.300513506 0.003609719 0.999963403 -0.002567631 0.000629301 -0.008137200
1747986925.385556 1.502629042 2.301427126 0.003951364 0.999967039 -0.001977107 0.000611722 -0.007853767
1747986925.412935 1.502549052 2.302141428 0.003680277 0.999977589 -0.001686915 0.000106919 -0.006485479
1747986925.440554 1.502354980 2.303315878 0.003953710 0.999977231 -0.001689519 0.000243303 -0.006529688
1747986925.467175 1.502419949 2.304465294 0.003668290 0.999979138 -0.001833316 0.000110737 -0.006200559
1747986925.494864 1.502118468 2.305643082 0.004014255 0.999986231 -0.001845440 0.000166459 -0.004910337
1747986925.521453 1.501895666 2.307118654 0.003836564 0.999990046 -0.001910496 0.000132043 -0.004038567
1747986925.549260 1.501749396 2.308354139 0.003840033 0.999990761 -0.001985039 0.000163708 -0.003818274
1747986925.576685 1.501566052 2.309546947 0.004135416 0.999991953 -0.001979983 0.000152799 -0.003486503
1747986925.604313 1.501685739 2.310712337 0.003910372 0.999991179 -0.002098449 0.000098884 -0.003648505
1747986925.632008 1.501749635 2.311889648 0.004068921 0.999987006 -0.002147513 0.000146564 -0.004627029
1747986925.659411 1.501778126 2.312746048 0.003953647 0.999979436 -0.002158019 0.000260422 -0.006035673
1747986925.687022 1.501858473 2.313733816 0.004130566 0.999973536 -0.002185253 0.000282064 -0.006941296
1747986925.714811 1.502133846 2.314739227 0.004066392 0.999971330 -0.002209446 0.000206037 -0.007242206
1747986925.741590 1.502055407 2.315823317 0.004276957 0.999971390 -0.002097652 0.000277252 -0.007269798
1747986925.769030 1.502134562 2.316833496 0.004166509 0.999977887 -0.002144803 0.000204880 -0.006293278
1747986925.796385 1.501971960 2.317981720 0.004430332 0.999979734 -0.002054808 0.000300024 -0.006018420
1747986925.823310 1.502366066 2.318920612 0.004226023 0.999973476 -0.002140105 0.000185188 -0.006955775
1747986925.850641 1.502283692 2.320045710 0.004403156 0.999966800 -0.002152893 0.000264850 -0.007853798
1747986925.878211 1.502339840 2.320871592 0.004439715 0.999965847 -0.002289297 0.000300979 -0.007937387
1747986925.905855 1.502561688 2.322237015 0.004091231 0.999962926 -0.002165254 0.000142120 -0.008334936
1747986925.933518 1.502623677 2.323287725 0.004019843 0.999956429 -0.002297609 0.000205159 -0.009044794
1747986925.960987 1.502768636 2.323953390 0.004169188 0.999951005 -0.002454441 0.000148339 -0.009593455
1747986925.988715 1.502620578 2.325110912 0.004226228 0.999945045 -0.002624420 0.000270594 -0.010150443
1747986926.016055 1.502608061 2.326456785 0.004171072 0.999939799 -0.002695407 0.000296185 -0.010634447
1747986926.043267 1.502611995 2.327690363 0.004483868 0.999934018 -0.002653090 0.000275450 -0.011173609
1747986926.070598 1.502582908 2.329329729 0.004375249 0.999934971 -0.002560180 0.000297763 -0.011110117
1747986926.098002 1.502742887 2.330501080 0.004304443 0.999933124 -0.002649333 0.000177464 -0.011255310
1747986926.125682 1.502565265 2.331765175 0.004369837 0.999923706 -0.002669157 0.000308087 -0.012056060
1747986926.152950 1.502649069 2.333141088 0.004135511 0.999919653 -0.002709924 0.000264599 -0.012381992
1747986926.180377 1.502525330 2.334598303 0.004596385 0.999914408 -0.002489163 0.000408266 -0.012837202
1747986926.207858 1.502721786 2.335886478 0.004396452 0.999909580 -0.002528476 0.000426022 -0.013201420
1747986926.235372 1.502934933 2.337103367 0.004255183 0.999922454 -0.002525004 0.000321139 -0.012191924
1747986926.262893 1.502883196 2.338280678 0.004650638 0.999936879 -0.002525320 0.000376932 -0.010943215
1747986926.290243 1.502939224 2.339419365 0.004353342 0.999943018 -0.002568522 0.000300281 -0.010356802
1747986926.317640 1.502935052 2.340161324 0.004460473 0.999944210 -0.002698700 0.000358580 -0.010211123
1747986926.344959 1.502788424 2.341044426 0.004837305 0.999950647 -0.002685790 0.000423315 -0.009554308
1747986926.372408 1.502811551 2.342143536 0.004775603 0.999962687 -0.002702278 0.000447201 -0.008194178
1747986926.399829 1.502831578 2.343014240 0.004832095 0.999956548 -0.002742018 0.000407226 -0.008901371
1747986926.427192 1.502655149 2.343898773 0.004940686 0.999956071 -0.002742340 0.000533508 -0.008945065
1747986926.454432 1.502763748 2.344670057 0.004780742 0.999962151 -0.002874121 0.000493624 -0.008199783
1747986926.481988 1.502878904 2.345568180 0.004828752 0.999970078 -0.002805925 0.000385381 -0.007204607
1747986926.509503 1.502606869 2.346565723 0.004885910 0.999972463 -0.002859672 0.000455934 -0.006834472
1747986926.536985 1.502451062 2.347384930 0.004735084 0.999971986 -0.003001965 0.000508920 -0.006838515
1747986926.564385 1.502629995 2.348228216 0.004605394 0.999972522 -0.002887447 0.000406455 -0.006814115
1747986926.591753 1.502682924 2.349145174 0.004457756 0.999974728 -0.002958245 0.000334324 -0.006455527
1747986926.619173 1.502484083 2.350096703 0.004637611 0.999975145 -0.002934944 0.000436644 -0.006396661
1747986926.646655 1.502413869 2.350641727 0.004450039 0.999978006 -0.003101632 0.000454810 -0.005850018
1747986926.674269 1.502452970 2.351755857 0.004544874 0.999977291 -0.003095848 0.000510367 -0.005972146
1747986926.701735 1.502842069 2.352802515 0.004763914 0.999975622 -0.003137769 0.000359411 -0.006232001
1747986926.729292 1.502470970 2.353955507 0.004770116 0.999974668 -0.002979651 0.000587218 -0.006440785
1747986926.756752 1.502486467 2.355051041 0.004979655 0.999975264 -0.002971694 0.000586703 -0.006353080
1747986926.784432 1.502612114 2.355890512 0.004974558 0.999970615 -0.003064635 0.000555845 -0.007004880
1747986926.812054 1.502326369 2.356099606 0.004883317 0.999971211 -0.003277283 0.000607108 -0.006823853
1747986926.838751 1.502406478 2.357083321 0.004995448 0.999983370 -0.003250304 0.000523536 -0.004733362
1747986926.866294 1.502385020 2.357520342 0.005110126 0.999991417 -0.003374346 0.000405162 -0.002369272
1747986926.893941 1.502246737 2.358572245 0.004954583 0.999994338 -0.003314845 0.000312468 0.000525453
1747986926.920436 1.502122045 2.359317541 0.005031771 0.999989390 -0.003599327 0.000310396 0.002859711
1747986926.947729 1.502202153 2.359548092 0.005155394 0.999993742 0.003139914 0.000561843 0.001543473
1747986926.975142 1.501800656 2.361015558 0.004220380 0.999995649 -0.001990804 0.000642462 0.002087888
1747986927.002601 1.501990080 2.362329245 0.004924525 0.999995470 -0.001782012 0.000566186 0.002377540
1747986927.030414 1.502067566 2.363198280 0.005268197 0.999994695 -0.001786720 0.000533377 0.002665133
1747986927.058038 1.502237082 2.364122391 0.005302933 0.999992669 -0.001685146 0.000357405 0.003429675
1747986927.085905 1.502037883 2.364332199 0.005237874 0.999992311 -0.001832420 0.000474046 0.003434334
1747986927.112724 1.502203822 2.364866257 0.005182231 0.999991119 -0.001922015 0.000438479 0.003735929
1747986927.139985 1.502348900 2.365730524 0.004939698 0.999986708 -0.001965587 0.000375013 0.004761765
1747986927.166597 1.502276182 2.366342068 0.005062188 0.999979436 -0.001949617 0.000406255 0.006096468
1747986927.194242 1.502436757 2.367183447 0.005094884 0.999970973 -0.001986702 0.000354724 0.007345752
1747986927.221928 1.502434015 2.368057013 0.005317096 0.999959826 -0.002124167 0.000396701 0.008699928
1747986927.249430 1.502517581 2.368859053 0.005140199 0.999946296 -0.002296946 0.000387861 0.010097899
1747986927.276942 1.502478242 2.369909048 0.005141980 0.999936044 -0.003441928 0.000252194 0.010771233
1747986927.303748 1.502503395 2.371067762 0.005106013 0.999920785 -0.003387293 0.000175231 0.012123018
1747986927.331255 1.502302647 2.371984243 0.005129397 0.999915421 -0.003675412 0.000273365 0.012474661
1747986927.358960 1.502071619 2.373135328 0.005610175 0.999911785 -0.003612955 0.000330956 0.012778782
1747986927.385602 1.502369881 2.374344587 0.005193737 0.999906540 -0.003526958 0.000237161 0.013210101
1747986927.413153 1.502570987 2.375535965 0.005031900 0.999907911 -0.003568566 0.000141234 0.013096338
1747986927.440678 1.502061248 2.376356602 0.005234606 0.999930978 -0.004187293 0.000038940 0.010978904
1747986927.467992 1.501942158 2.376785517 0.005414343 0.999814689 -0.005350391 0.000072977 0.018491542
1747986927.495340 1.502284884 2.377917290 0.005121733 0.999936044 -0.002975107 0.000352298 0.010906042
1747986927.522423 1.502787948 2.378378153 0.005366207 0.999925554 -0.000780038 0.000092370 0.012176036
1747986927.549985 1.502492547 2.378544569 0.005627414 0.999905467 0.000071486 0.000310487 0.013746377
1747986927.577503 1.502783060 2.378607750 0.005273172 0.999904156 -0.001321990 0.000235106 0.013780076
1747986927.605163 1.502744436 2.378855467 0.005396063 0.999909282 -0.002222808 0.000245855 0.013285359
1747986927.632792 1.502770185 2.379067421 0.005407504 0.999908149 -0.001926941 0.000257218 0.013416940
1747986927.660434 1.502799273 2.379264832 0.005532772 0.999896228 -0.002067642 0.000255373 0.014254682
1747986927.687028 1.502877593 2.379550219 0.005268768 0.999886751 -0.002594003 0.000175419 0.014823070
1747986927.714486 1.502864003 2.379757643 0.005683231 0.999892950 -0.002719528 0.000081400 0.014378315
1747986927.742134 1.502805829 2.380124569 0.005288164 0.999901116 -0.002970559 0.000172309 0.013746037
1747986927.769733 1.503145576 2.379660130 0.005007037 0.999902666 -0.003636356 0.000022601 0.013470808
1747986927.797184 1.503143787 2.380234003 0.005077604 0.999921858 -0.003800137 0.000151391 0.011908984
1747986927.824850 1.503275037 2.380782843 0.005201786 0.999948800 -0.003531406 0.000187204 0.009482946
1747986927.852463 1.503275394 2.381281376 0.005341066 0.999958277 -0.004029303 0.000271791 0.008193456
1747986927.880218 1.503449917 2.381505489 0.004902182 0.999971807 -0.005340108 0.000432747 0.005267669
1747986927.907966 1.503108740 2.382301331 0.005545072 0.999981403 -0.005652811 0.000688294 0.002180046
1747986927.935612 1.503273606 2.383020639 0.005354150 0.999983191 -0.005685984 0.000630603 0.000928711
1747986927.963346 1.503475189 2.383872747 0.005295683 0.999983013 -0.005563767 0.000694363 -0.001619215
1747986927.991131 1.503564358 2.384484291 0.005410120 0.999975443 -0.005599327 0.000769075 -0.004146705
1747986928.018770 1.503611684 2.385184765 0.005383393 0.999968588 -0.005492914 0.000746123 -0.005672842
1747986928.046614 1.503450632 2.386427402 0.005380429 0.999967337 -0.004566969 0.000226165 -0.006665931
1747986928.074425 1.503393769 2.387071133 0.005626947 0.999968886 -0.003871825 0.000675158 -0.006839226
1747986928.102556 1.503799915 2.387994289 0.005173895 0.999948323 -0.003589847 0.000598677 -0.009497047
1747986928.130470 1.503770471 2.388446331 0.005287079 0.999938309 -0.004006352 0.000679459 -0.010336349
1747986928.158328 1.503775358 2.389336586 0.005396355 0.999945223 -0.003867876 0.000656069 -0.009708582
1747986928.186357 1.503586531 2.390085936 0.005698807 0.999947488 -0.003894720 0.000765137 -0.009450680
1747986928.213686 1.503728986 2.390996456 0.005432964 0.999933362 -0.003931025 0.000779364 -0.010829359
1747986928.241484 1.504033446 2.391889572 0.005419603 0.999918580 -0.003818183 0.000678995 -0.012155662
1747986928.269572 1.503769517 2.392587662 0.005240689 0.999936461 -0.003908438 0.000755827 -0.010548308
1747986928.297518 1.503743768 2.392956972 0.005620864 0.999940217 -0.004139632 0.000699168 -0.010098127
1747986928.325358 1.503583312 2.393561840 0.005593526 0.999933660 -0.004088873 0.000849394 -0.010737657
1747986928.353060 1.503454208 2.394043684 0.005558971 0.999926269 -0.004041457 0.000912464 -0.011418481
1747986928.380853 1.503823280 2.394736767 0.005355313 0.999938428 -0.003905884 0.000750453 -0.010363308
1747986928.408685 1.503647923 2.395268917 0.005353764 0.999942005 -0.004015455 0.000779624 -0.009967905
1747986928.436846 1.503473163 2.395730734 0.005592681 0.999946415 -0.003830323 0.000864311 -0.009578083
1747986928.465016 1.503456235 2.396199226 0.005643941 0.999952495 -0.003864903 0.000857295 -0.008909523
1747986928.493129 1.503323555 2.396957636 0.005750532 0.999962568 -0.003761258 0.000791739 -0.007748871
1747986928.520186 1.503417015 2.397523165 0.005615298 0.999959230 -0.003719644 0.000723058 -0.008197562
1747986928.548093 1.503368855 2.397883654 0.006181076 0.999956131 -0.003732303 0.000842997 -0.008551062
1747986928.576190 1.503458500 2.398551226 0.005602618 0.999957979 -0.003721111 0.000784023 -0.008341709
1747986928.603861 1.503480315 2.398974895 0.005541618 0.999946892 -0.003894516 0.000741965 -0.009513478
1747986928.631573 1.503187656 2.399314642 0.006147457 0.999948442 -0.003908372 0.000885531 -0.009334548
1747986928.659285 1.503540039 2.400355101 0.005721778 0.999956548 -0.003784956 0.000740157 -0.008489436
1747986928.687144 1.503401637 2.401280165 0.005850877 0.999965489 -0.003824568 0.000802897 -0.007332114
1747986928.714932 1.503229141 2.402011633 0.006213096 0.999977052 -0.003963321 0.000802538 -0.005437954
1747986928.742827 1.503407955 2.403491735 0.006127946 0.999984622 -0.003785716 0.000725613 -0.003990199
1747986928.770646 1.503131628 2.404583454 0.006072489 0.999990344 -0.003862868 0.000766237 -0.001958936
1747986928.798516 1.503013253 2.406101942 0.006228274 0.999992371 -0.003716194 0.000820259 -0.000921045
1747986928.826603 1.503162503 2.406860828 0.005861387 0.999992549 -0.003800872 0.000699818 0.000026246
1747986928.853609 1.502685547 2.407958508 0.006001031 0.999991238 -0.003958435 0.000777713 0.001119498
1747986928.881606 1.502644658 2.409379244 0.006186934 0.999991179 -0.003973153 0.000789005 0.001117306
1747986928.909426 1.502832294 2.410411358 0.006154845 0.999991536 -0.003880951 0.000723731 0.001176042
1747986928.937347 1.502965212 2.411902905 0.005975523 0.999991894 -0.003712837 0.000549132 0.001458336
1747986928.965385 1.502738357 2.413051128 0.005852957 0.999989986 -0.003791252 0.000609776 0.002308161
1747986928.993516 1.502838612 2.414207935 0.005635337 0.999991059 -0.003763489 0.000612397 0.001853595
1747986929.020597 1.502680063 2.414848089 0.006338184 0.999991715 -0.003811303 0.000747317 0.001252757
1747986929.048642 1.502702713 2.415535450 0.006226984 0.999991477 -0.003984267 0.000701205 0.000849819
1747986929.075845 1.502942085 2.416397810 0.006048040 0.999992251 -0.003884216 0.000663855 -0.000039620
1747986929.103726 1.502877712 2.417698860 0.006523110 0.999990046 -0.003553076 0.000879005 -0.002567912
1747986929.131791 1.503136158 2.418532610 0.005967578 0.999986827 -0.003568841 0.000774234 -0.003616221
1747986929.159815 1.503352880 2.419138193 0.005534049 0.999981642 -0.003645355 0.000689994 -0.004788017
1747986929.187813 1.503246069 2.419804573 0.006014199 0.999978125 -0.003503449 0.000831068 -0.005545069
1747986929.215961 1.503183365 2.420333862 0.006627857 0.999973059 -0.003654772 0.000862363 -0.006309842
1747986929.244022 1.503309131 2.421197653 0.006274737 0.999973714 -0.003524235 0.000827127 -0.006291631
1747986929.272146 1.503175855 2.421739340 0.006463061 0.999973714 -0.003760779 0.000932129 -0.006131897
1747986929.300443 1.503303051 2.422646999 0.006303376 0.999979854 -0.003600374 0.000880235 -0.005155658
1747986929.328862 1.503646970 2.423758030 0.006297356 0.999984503 -0.003530138 0.000673676 -0.004249049
1747986929.356965 1.503824472 2.424538136 0.006009879 0.999984086 -0.003698125 0.000670664 -0.004204226
1747986929.384967 1.503436089 2.424726009 0.006424258 0.999984384 -0.004017455 0.000866922 -0.003780046
1747986929.412956 1.503821492 2.425797224 0.006258139 0.999983728 -0.004088284 0.000812922 -0.003906650
1747986929.441128 1.503942847 2.427113295 0.006330462 0.999983788 -0.003940642 0.000797906 -0.004029505
1747986929.469447 1.504129291 2.428622723 0.006494734 0.999979854 -0.003740817 0.000836083 -0.005064443
1747986929.497992 1.504458904 2.429783821 0.006455737 0.999973357 -0.003801469 0.000818366 -0.006184145
1747986929.526160 1.504698873 2.430693626 0.006014738 0.999959052 -0.003922592 0.000868732 -0.008109526
1747986929.554211 1.504953980 2.431969166 0.006068273 0.999961555 -0.003931410 0.000746571 -0.007804247
1747986929.581458 1.504740953 2.433703423 0.006846061 0.999978483 -0.003942872 0.000890761 -0.005170914
1747986929.608457 1.504999042 2.435249805 0.006531725 0.999985874 -0.003923880 0.000774277 -0.003506840
1747986929.636382 1.505076528 2.436794043 0.006359239 0.999988496 -0.003998370 0.000791352 -0.002521011
1747986929.664278 1.505482078 2.438157082 0.006506436 0.999991357 -0.004116235 0.000554215 -0.000137886
1747986929.691932 1.505130410 2.440318584 0.007108791 0.999992371 -0.003731219 0.000810775 0.000827430
1747986929.718720 1.505521536 2.441369057 0.006738867 0.999991655 -0.003965341 0.000695160 -0.000731278
1747986929.746503 1.505648375 2.443256855 0.006792433 0.999992371 -0.003762939 0.000644864 -0.000874012
1747986929.774308 1.505598903 2.444819927 0.007207396 0.999992609 -0.003749844 0.000623385 -0.000616321
1747986929.802223 1.505415320 2.446557760 0.007000117 0.999993026 -0.003529524 0.000650611 0.001044216
1747986929.829324 1.505604267 2.447807312 0.007279304 0.999991894 -0.003571085 0.000534738 0.001797916
1747986929.858354 1.505390763 2.449288607 0.007119826 0.999992669 -0.003467345 0.000576837 0.001501868
1747986929.885401 1.505310297 2.450360060 0.007421228 0.999992490 -0.003598557 0.000567731 0.001361855
1747986929.913306 1.505737185 2.451550961 0.007133101 0.999993086 -0.003508845 0.000370588 0.001209002
1747986929.941219 1.505429268 2.453082085 0.007170856 0.999993503 -0.003103052 0.000637163 -0.001725198
1747986929.969647 1.505468011 2.454121351 0.007380963 0.999988496 -0.003051524 0.000672512 -0.003644563
1747986929.997336 1.505353808 2.454248428 0.007134099 0.999990940 -0.003188935 0.000566608 -0.002770831
1747986930.025037 1.505120873 2.455286026 0.007479305 0.999990702 -0.002901274 0.000686057 -0.003116944
1747986930.052567 1.505242825 2.456785917 0.007380659 0.999987423 -0.002493884 0.000664741 -0.004309608
1747986930.080029 1.505234599 2.457519054 0.007223379 0.999980807 -0.002249586 0.000776836 -0.005727353
1747986930.107415 1.505131721 2.457740545 0.007529358 0.999983490 -0.002378500 0.000780126 -0.005172404
1747986930.135251 1.505021214 2.458420277 0.007812537 0.999996662 -0.002212291 0.000755231 -0.001084446
1747986930.161942 1.505039454 2.458198786 0.007586605 0.999997139 -0.002279662 0.000720790 0.000074900
1747986930.188782 1.505072832 2.458133221 0.007774230 0.999997854 -0.001967705 0.000674564 0.000014412
1747986930.216458 1.505073071 2.458221912 0.007248485 0.999996781 -0.002455717 0.000609376 -0.000189788
1747986930.244290 1.504870772 2.458139420 0.007624615 0.999994338 -0.002581121 0.000633274 0.002071073
1747986930.271806 1.504743934 2.458595753 0.007208344 0.999990761 -0.002500284 0.000700533 0.003434849
1747986930.299394 1.504908442 2.459185362 0.007383029 0.999994516 -0.002223529 0.000636902 0.002384992
1747986930.327065 1.504855633 2.459248781 0.007093375 0.999994457 -0.002177181 0.000599640 0.002464979
1747986930.354616 1.504976630 2.459317207 0.007220827 0.999995768 -0.002131058 0.000587235 0.001890945
1747986930.382169 1.505052328 2.459521055 0.007033901 0.999985516 -0.002019137 0.000753627 -0.004936998
1747986930.410055 1.505059123 2.459519148 0.007592029 0.999920964 -0.002144975 0.000907689 -0.012355554
1747986930.436879 1.505041242 2.459574699 0.007554169 0.999864399 -0.002199396 0.001025837 -0.016289435
1747986930.464773 1.505109906 2.459930658 0.007543206 0.999867857 -0.002031023 0.000953987 -0.016101692
1747986930.492483 1.504997134 2.459778070 0.007942944 0.999866366 -0.002048566 0.001032039 -0.016186863
1747986930.520622 1.505165458 2.460133791 0.007632743 0.999870002 -0.001795179 0.000907228 -0.015998321
1747986930.548773 1.505092621 2.460202932 0.007720256 0.999866188 -0.001817780 0.000974871 -0.016230077
1747986930.576816 1.505126834 2.460093260 0.007691175 0.999862492 -0.001967420 0.000908613 -0.016441781
1747986930.604795 1.505264997 2.460313082 0.007421825 0.999860704 -0.001832189 0.000862351 -0.016571319
1747986930.633110 1.505004287 2.460124731 0.007399616 0.999871910 -0.001926650 0.000975495 -0.015861100
1747986930.661110 1.505018234 2.460575581 0.007577245 0.999885857 -0.001763942 0.000959495 -0.014977470
1747986930.689076 1.504980564 2.460171223 0.007855368 0.999892175 -0.001916135 0.000914224 -0.014532965
1747986930.717093 1.505183935 2.460293055 0.007759151 0.999893129 -0.001841535 0.000777268 -0.014482073
1747986930.744969 1.505252361 2.460142136 0.007607970 0.999897897 -0.001937668 0.000760797 -0.014138252
1747986930.773126 1.505274296 2.460134506 0.007441333 0.999895751 -0.001966584 0.000752879 -0.014283439
1747986930.801030 1.505238414 2.459764242 0.007528679 0.999889076 -0.002138773 0.000711583 -0.014723912
1747986930.828878 1.505111694 2.459701777 0.007542037 0.999892414 -0.002234380 0.000805874 -0.014477055
1747986930.855998 1.505078673 2.459641457 0.007552683 0.999907434 -0.002237261 0.000744566 -0.013403681
1747986930.884003 1.505116105 2.459649563 0.007000522 0.999921560 -0.002303443 0.000717572 -0.012292096
1747986930.912169 1.505017161 2.459663630 0.007754478 0.999939740 -0.002039537 0.000706675 -0.010768360
1747986930.939744 1.505144000 2.459305763 0.007384819 0.999961615 -0.000698478 0.000571698 -0.008716018
1747986930.967536 1.505159974 2.459341764 0.007051589 0.999964178 0.002227482 0.000410216 -0.008158816
1747986930.995517 1.505034804 2.459151745 0.007492632 0.999958217 0.003147078 0.000468013 -0.008571941
1747986931.023290 1.504972816 2.459147930 0.007002696 0.999940097 -0.000167540 0.000602410 -0.010930046
1747986931.051435 1.504719853 2.458945274 0.007189158 0.999921799 -0.002636615 0.000740726 -0.012206282
1747986931.079241 1.504963517 2.459400177 0.007409875 0.999897361 -0.002447483 0.000671717 -0.014102994
1747986931.107217 1.504873633 2.459388971 0.007371762 0.999869585 -0.002462775 0.000720428 -0.015946424
1747986931.134485 1.504923582 2.460166216 0.007484407 0.999849796 -0.001955214 0.000677895 -0.017209405
1747986931.162477 1.504926801 2.459896326 0.007334170 0.999844491 0.000034689 0.000667334 -0.017625431
1747986931.190427 1.505019426 2.460120440 0.007836240 0.999820590 0.002720550 0.000694802 -0.018732829
1747986931.218735 1.505297303 2.459621668 0.007319816 0.999754548 0.005057661 0.000512694 -0.021563977
1747986931.247124 1.505148649 2.459064960 0.007863838 0.999695241 0.006483405 0.000577983 -0.023813671
1747986931.274485 1.505317330 2.458991051 0.007927299 0.999662697 0.005690818 0.000528507 -0.025334094
1747986931.301822 1.505248189 2.459464550 0.007599256 0.999647498 0.004667229 0.000632740 -0.026128624
1747986931.330229 1.505191088 2.459459543 0.007927796 0.999611974 0.003646549 0.000770456 -0.027604362
1747986931.358427 1.505320072 2.459337234 0.007751446 0.999558508 0.004052750 0.000757110 -0.029424112
1747986931.386478 1.505298853 2.459719181 0.007603262 0.999526381 0.006090099 0.000725672 -0.030156270
1747986931.414611 1.505291343 2.459717274 0.007439165 0.999518573 0.006718556 0.000782570 -0.030281167
1747986931.442809 1.505325913 2.459673643 0.007292184 0.999524951 0.005425455 0.000835550 -0.030326651
1747986931.470167 1.505382538 2.459679365 0.007428524 0.999544561 0.002252823 0.000936912 -0.030078711
1747986931.498424 1.505242109 2.459813356 0.007529772 0.999558628 -0.000646180 0.001163539 -0.029679166
1747986931.526810 1.505327940 2.459817410 0.007763906 0.999589264 -0.001790547 0.001110120 -0.028580790
1747986931.554113 1.505524635 2.460283518 0.007635004 0.999625146 -0.001109961 0.001085686 -0.027333889
1747986931.582077 1.505786657 2.459692717 0.008005555 0.999647319 0.000896365 0.001005153 -0.026522586
1747986931.610038 1.505982161 2.459372520 0.007853878 0.999627411 0.003353997 0.000938819 -0.027073028
1747986931.637159 1.506691694 2.459131718 0.008051356 0.999614537 0.003946755 0.000788098 -0.027471345
1747986931.665479 1.506753087 2.459445238 0.008079950 0.999656439 -0.000244338 0.001134094 -0.026184034
1747986931.693573 1.506913185 2.459170818 0.008121001 0.999712646 -0.002043189 0.001745495 -0.023820763
1747986931.721727 1.508236766 2.459315538 0.007744165 0.999752760 0.000137089 0.001040818 -0.022210743
1747986931.749779 1.509696841 2.459280014 0.008053402 0.999765575 -0.001113511 0.001342411 -0.021581007
1747986931.778021 1.510376692 2.459140062 0.008176635 0.999797344 -0.000469149 0.001502916 -0.020068739
1747986931.806083 1.511495829 2.458897352 0.007718159 0.999837101 -0.000682336 0.001648947 -0.017961085
1747986931.834127 1.512066007 2.459151030 0.008004916 0.999859333 -0.001442089 0.001977652 -0.016591912
1747986931.862124 1.513122320 2.459387064 0.007988517 0.999866545 -0.001673308 0.002070781 -0.016119370
1747986931.889175 1.513869524 2.459254026 0.008034721 0.999885440 -0.002007636 0.002150604 -0.014849993
1747986931.916656 1.514345884 2.458948612 0.007754117 0.999904513 -0.002338950 0.002174667 -0.013448046
1747986931.944281 1.514350414 2.458853006 0.008490658 0.999915481 -0.002116937 0.002319938 -0.012618907
1747986931.971773 1.514868855 2.459084272 0.007919726 0.999912858 -0.001230966 0.002297655 -0.012944224
1747986931.999287 1.514896035 2.459095716 0.007761532 0.999913275 -0.000939281 0.002408372 -0.012917509
1747986932.026901 1.514827609 2.459021330 0.007796382 0.999926269 -0.001528463 0.002491929 -0.011788878
1747986932.054485 1.515830278 2.458933592 0.008002351 0.999942005 -0.001585002 0.002126341 -0.010438903
1747986932.082186 1.515969634 2.458909035 0.007841269 0.999955595 -0.001693032 0.002247547 -0.008996218
1747986932.109636 1.516868711 2.458880901 0.007958395 0.999960423 -0.001603911 0.002157047 -0.008482646
1747986932.137277 1.517927885 2.458716154 0.008097163 0.999926746 -0.000643971 0.001964164 -0.011924481
1747986932.164785 1.518772721 2.458782196 0.007803357 0.999909103 0.000165706 0.000980852 -0.013448753
1747986932.192382 1.519406319 2.458924532 0.007969928 0.999894381 -0.000260984 0.001057236 -0.014494743
1747986932.219051 1.520120740 2.459039450 0.008360952 0.999896467 -0.001345456 0.001020897 -0.014290383
1747986932.246540 1.520459414 2.458768368 0.008039393 0.999906361 -0.001696859 0.001119016 -0.013535986
1747986932.274273 1.521002054 2.458626032 0.008090307 0.999914050 -0.001419290 0.001008022 -0.012994759
1747986932.301930 1.521670341 2.458095789 0.008038647 0.999924242 -0.001617838 0.001004682 -0.012163872
1747986932.329686 1.522195578 2.457635403 0.007716097 0.999929547 -0.001977992 0.001012013 -0.011662049
1747986932.357434 1.523057461 2.458044767 0.007770129 0.999934196 -0.001891395 0.001023521 -0.011269582
1747986932.385261 1.524296403 2.457695484 0.007812483 0.999930739 -0.002119119 0.000956484 -0.011541910
1747986932.412682 1.525310040 2.457559109 0.008048942 0.999907136 -0.002303970 0.000987169 -0.013398717
1747986932.440235 1.526578784 2.457984447 0.008054582 0.999851584 -0.002229524 0.001164640 -0.017043641
1747986932.467662 1.527788877 2.457604647 0.008122947 0.999816895 -0.002319251 0.001066923 -0.018964075
1747986932.495032 1.527687073 2.457528591 0.008340084 0.999809682 -0.002406794 0.001369255 -0.019311223
1747986932.522577 1.528333783 2.457696676 0.007858320 0.999820948 -0.002393995 0.001228530 -0.018731209
1747986932.550174 1.528362870 2.457115173 0.007968677 0.999818504 -0.002566962 0.001268967 -0.018833647
1747986932.577743 1.528546929 2.457373619 0.008267752 0.999811888 -0.002452597 0.001334663 -0.019194329
1747986932.605242 1.528939724 2.457438469 0.007673625 0.999813914 -0.002494732 0.001264657 -0.019087309
1747986932.632933 1.528958678 2.457403898 0.008190107 0.999835789 -0.002443676 0.001440016 -0.017898165
1747986932.659791 1.529672265 2.457404137 0.008009803 0.999839902 -0.002464599 0.001188948 -0.017685240
1747986932.687330 1.530079007 2.457366705 0.007903731 0.999822974 -0.002524753 0.001291757 -0.018600186
1747986932.714809 1.531042337 2.457221031 0.008033832 0.999807417 -0.002494662 0.001352461 -0.019418409
1747986932.742278 1.531872511 2.456686497 0.007770311 0.999816656 -0.002440422 0.001237697 -0.018952854
1747986932.769948 1.532424569 2.456648588 0.008036198 0.999824584 -0.002355030 0.001375480 -0.018529443
1747986932.797628 1.533566356 2.456335545 0.008028283 0.999808848 -0.002666641 0.001247819 -0.019329220
1747986932.825347 1.534497976 2.456444502 0.007882765 0.999813974 -0.002828392 0.001124099 -0.019046521
1747986932.852824 1.534670353 2.456782103 0.008511967 0.999842763 -0.002802277 0.001302791 -0.017462041
1747986932.880549 1.535324335 2.456907511 0.008292103 0.999869704 -0.002783327 0.001287198 -0.015849689
1747986932.908283 1.535718560 2.456744909 0.007955592 0.999880970 -0.002792448 0.001368558 -0.015115827
1747986932.935941 1.536527395 2.456826925 0.008242003 0.999886811 -0.002749906 0.001341102 -0.014731918
1747986932.963023 1.537024975 2.456768751 0.008012646 0.999890089 -0.002797301 0.001545076 -0.014479883
1747986932.990708 1.537803292 2.456529617 0.008287641 0.999896824 -0.002880263 0.001341896 -0.014011890
1747986933.018425 1.538619399 2.456911802 0.008183381 0.999910116 -0.002738686 0.001275147 -0.013064791
1747986933.046226 1.539525628 2.456429005 0.008278778 0.999909401 -0.002829284 0.001316319 -0.013095865
1747986933.073950 1.540414572 2.455567360 0.007981301 0.999920130 -0.003051109 0.001274747 -0.012199125
1747986933.101703 1.541615844 2.455590725 0.008105245 0.999933422 -0.003086443 0.001360629 -0.011034743
1747986933.129385 1.543372512 2.455212116 0.008052600 0.999929488 -0.003326281 0.001350675 -0.011317399
1747986933.156943 1.544731498 2.455035686 0.008078461 0.999928057 -0.003348567 0.001506148 -0.011423104
1747986933.184504 1.547132373 2.454459190 0.007968351 0.999923110 -0.003440199 0.001500838 -0.011818292
1747986933.211982 1.549723029 2.453868389 0.008055275 0.999904573 -0.003678941 0.001571746 -0.013225431
1747986933.239463 1.551943302 2.453263044 0.008406542 0.999876797 -0.003651961 0.001740918 -0.015165844
1747986933.267034 1.555120468 2.453125477 0.008128840 0.999856949 -0.003118489 0.001776270 -0.016529078
1747986933.294556 1.557784915 2.453036308 0.008211752 0.999867439 -0.002984157 0.001720559 -0.015912544
1747986933.322013 1.559594035 2.452243805 0.008417005 0.999878407 -0.003256067 0.001662324 -0.015162836
1747986933.349593 1.561441898 2.451891899 0.008380566 0.999884605 -0.003349639 0.001886221 -0.014696294
1747986933.377070 1.563341379 2.452056170 0.008283546 0.999897122 -0.003380361 0.001730252 -0.013835764
1747986933.404500 1.564423323 2.451797247 0.008139078 0.999903977 -0.003504432 0.001721580 -0.013298544
1747986933.431938 1.565707564 2.451507330 0.008509660 0.999913752 -0.003576019 0.001673265 -0.012529122
1747986933.459547 1.566738367 2.451924562 0.008386273 0.999932170 -0.003525994 0.001659992 -0.010975282
1747986933.486241 1.567377448 2.451786518 0.008326865 0.999928892 -0.003620264 0.001708326 -0.011234233
1747986933.513829 1.568137169 2.452991724 0.008085923 0.999930978 -0.003243833 0.001809755 -0.011150172
1747986933.541656 1.569060087 2.453408241 0.008178215 0.999946952 -0.003119138 0.001622900 -0.009681683
1747986933.569420 1.569880128 2.453414202 0.008106231 0.999964416 -0.003141052 0.001483450 -0.007686683
1747986933.597078 1.570272326 2.453331470 0.008603434 0.999967933 -0.003275575 0.001685014 -0.007111362
1747986933.624823 1.570786834 2.453034639 0.008007481 0.999968112 -0.003519116 0.001764704 -0.006952750
1747986933.652527 1.571607351 2.453247309 0.008280016 0.999971092 -0.003408102 0.001578348 -0.006615025
1747986933.680152 1.571884394 2.453556299 0.008671131 0.999971628 -0.003299218 0.001698430 -0.006557222
1747986933.708261 1.572705984 2.453560352 0.008311358 0.999966860 -0.003397628 0.001570528 -0.007236580
1747986933.736185 1.572943211 2.454085350 0.008619163 0.999971926 -0.003134873 0.001506483 -0.006638940
1747986933.763386 1.573596358 2.454215288 0.008458594 0.999976575 -0.003119064 0.001381921 -0.005938237
1747986933.791214 1.573500991 2.453890324 0.007927818 0.999978065 -0.003248237 0.001602051 -0.005552150
1747986933.818923 1.573726654 2.454145432 0.007967387 0.999976814 -0.003152602 0.001593602 -0.005823114
1747986933.846677 1.574036360 2.454328537 0.008206103 0.999976397 -0.002923262 0.001608800 -0.006011919
1747986933.874744 1.575024128 2.454988003 0.008285665 0.999978483 -0.002067170 0.001332397 -0.006086413
1747986933.904687 1.575227261 2.454993248 0.007862412 0.999980748 -0.001466273 0.001426066 -0.005856844
1747986933.932524 1.575513959 2.455013514 0.008285411 0.999985814 -0.001535172 0.001359530 -0.004918018
1747986933.960172 1.575628400 2.454016447 0.008208310 0.999984026 -0.002305005 0.001398340 -0.004970202
1747986933.986864 1.575475812 2.454307079 0.008017742 0.999979675 -0.003849406 0.001390584 -0.004896610
1747986934.014784 1.575859904 2.454179049 0.007938371 0.999977171 -0.004089238 0.001275714 -0.005225484
1747986934.041863 1.575791240 2.453996420 0.008156132 0.999977291 -0.004094581 0.001270951 -0.005206106
1747986934.069872 1.575724483 2.453902721 0.008027921 0.999977112 -0.004129673 0.001378186 -0.005185861
1747986934.097642 1.575665593 2.454032660 0.008150589 0.999979377 -0.003537030 0.001359231 -0.005193248
1747986934.125389 1.575712442 2.454142332 0.008393832 0.999984980 -0.001855451 0.001360545 -0.004978652
1747986934.152296 1.576129675 2.454065084 0.008127778 0.999986231 0.000821044 0.001184872 -0.005047319
1747986934.180030 1.575586200 2.453789949 0.008056668 0.999992132 0.002070566 -0.001097448 -0.003204787
1747986934.207412 1.575962901 2.453854561 0.008049333 0.999954820 0.001791739 -0.008231521 -0.004408048
1747986934.235086 1.577467084 2.453611135 0.008100615 0.999934018 0.002037629 -0.005919072 -0.009630285
1747986934.262849 1.577718258 2.453871727 0.008275916 0.999913037 0.003921826 -0.006638385 -0.010702046
1747986934.290543 1.577672958 2.453946352 0.008184717 0.999906242 0.004157394 -0.008961894 -0.009483634
1747986934.317533 1.577777028 2.454703331 0.008030272 0.999953330 0.001056559 -0.003752896 -0.008840858
1747986934.345391 1.578634977 2.454911470 0.008298323 0.999940455 -0.004829931 -0.000254947 -0.009783873
1747986934.372516 1.578648090 2.454908609 0.008209460 0.999958336 -0.004513336 -0.000206686 -0.007934458
1747986934.400553 1.579134226 2.454732895 0.008087197 0.999960065 -0.003411616 -0.000112868 -0.008262936
1747986934.428502 1.578746080 2.454652786 0.008732186 0.999954879 -0.002782449 0.000282552 -0.009082703
1747986934.456427 1.578873634 2.454587936 0.008560603 0.999953091 -0.002840531 0.000338206 -0.009253680
1747986934.484351 1.579393148 2.454549789 0.008404021 0.999946654 -0.002854182 0.000258494 -0.009923976
1747986934.512261 1.579858899 2.454428434 0.007632488 0.999943435 -0.003237758 0.000138382 -0.010132505
1747986934.540247 1.579517245 2.454088688 0.008148133 0.999940991 -0.003147508 0.000416814 -0.010392821
1747986934.567316 1.579931736 2.454557419 0.008410969 0.999942482 -0.002584222 0.000227539 -0.010408959
1747986934.595160 1.579934001 2.454560757 0.008401724 0.999940038 -0.002215863 0.000421118 -0.010715400
1747986934.622401 1.579823375 2.453717947 0.008280897 0.999929547 -0.002582937 0.000658963 -0.011569556
1747986934.650471 1.580085397 2.453731060 0.007697755 0.999919236 -0.002666638 0.000914224 -0.012391905
1747986934.678624 1.580398202 2.453811884 0.008385838 0.999907732 -0.002341363 0.001289871 -0.013320031
1747986934.705815 1.582095265 2.453870296 0.008411371 0.999917030 -0.001658140 0.000885853 -0.012746643
1747986934.733596 1.582965851 2.453214884 0.008313077 0.999937475 -0.001398344 0.000836533 -0.011062793
1747986934.761477 1.584101081 2.453906059 0.008637751 0.999950469 0.000200794 0.001146445 -0.009887569
1747986934.789343 1.585430861 2.453809261 0.008836316 0.999951065 0.001883651 0.001494486 -0.009599992
1747986934.817296 1.586719990 2.453484774 0.008119086 0.999947309 0.002579440 0.001502452 -0.009822190
1747986934.845667 1.587927103 2.453658581 0.007707434 0.999942422 0.002856076 0.001691079 -0.010205773
1747986934.873065 1.589428782 2.453733683 0.008314904 0.999956667 0.002389112 0.001458504 -0.008881818
1747986934.900034 1.590236902 2.453008175 0.008475308 0.999974251 0.001030980 0.001412226 -0.006966312
1747986934.928190 1.591598868 2.453199387 0.007898385 0.999977171 -0.000075531 0.001434857 -0.006601022
1747986934.957532 1.593004823 2.453419447 0.008127646 0.999976873 -0.000448205 0.001502442 -0.006623033
1747986934.985401 1.594354868 2.453112602 0.007921056 0.999974191 -0.000646181 0.001865259 -0.006911809
1747986935.013131 1.595074058 2.453076124 0.007613420 0.999978364 -0.001231208 0.002304996 -0.006043627
1747986935.040929 1.596231103 2.452733040 0.007928532 0.999982536 -0.001238156 0.002304182 -0.005304457
1747986935.067579 1.597427845 2.452678204 0.007936528 0.999990344 -0.000668240 0.002444678 -0.003588282
1747986935.095279 1.597869396 2.452787399 0.008002205 0.999994576 -0.001084863 0.002770466 -0.001400806
1747986935.122895 1.599563956 2.453301430 0.007737582 0.999995470 -0.001458753 0.002633598 -0.000082587
1747986935.150565 1.600494146 2.453263283 0.007825306 0.999996483 -0.000354863 0.002629402 0.000101383
1747986935.178438 1.601319551 2.453456402 0.007661216 0.999996126 -0.000591939 0.002578202 0.000887162
1747986935.206143 1.601679921 2.453433990 0.008031256 0.999990046 -0.001212582 0.002492076 0.003504883
1747986935.233957 1.601868391 2.453727245 0.008238113 0.999971271 -0.000918154 0.002520085 0.007093933
1747986935.261801 1.603693366 2.454555750 0.007745294 0.999968469 -0.000948210 0.001127621 0.007806193
1747986935.289411 1.604823947 2.454745054 0.007933290 0.999980032 -0.002488455 0.001158040 0.005701994
1747986935.317200 1.606307507 2.454866409 0.007860364 0.999990761 -0.003530234 0.001293907 0.002103810
1747986935.345163 1.607701540 2.454706430 0.007792935 0.999994755 -0.002955441 0.001224305 -0.000544237
1747986935.372829 1.608375788 2.454549789 0.007943314 0.999995530 -0.002684757 0.001292508 -0.000339383
1747986935.400712 1.609150290 2.454114437 0.008027137 0.999995589 -0.002634723 0.001201423 0.000726925
1747986935.428695 1.609233379 2.453868389 0.007958627 0.999993086 -0.003053762 0.001391675 0.001619959
1747986935.455898 1.609270215 2.453871727 0.008211855 0.999990225 -0.003368202 0.001728626 0.002285797
1747986935.483775 1.610031247 2.454434872 0.008043595 0.999989033 -0.003092113 0.001685864 0.003083898
1747986935.511575 1.611547947 2.455024958 0.007704075 0.999986649 -0.002900594 0.001382343 0.004048613
1747986935.539199 1.612710238 2.454969883 0.008200431 0.999989450 -0.002852380 0.001512059 0.003272098
1747986935.566978 1.614088893 2.455136061 0.008087597 0.999994338 -0.002094972 0.001416917 0.002225626
1747986935.594741 1.615772605 2.456179142 0.008121835 0.999996781 -0.000904580 0.001277364 0.002008902
1747986935.622616 1.616786242 2.456206322 0.008293185 0.999992371 -0.001577309 0.001212268 0.003357756
1747986935.650324 1.618057251 2.456709146 0.008249030 0.999989450 -0.001880763 0.001006701 0.004066954
1747986935.678596 1.618731976 2.455886841 0.008064505 0.999990225 -0.002274396 0.001188159 0.003609741
1747986935.705735 1.619684219 2.456446171 0.008130935 0.999993026 -0.001788874 0.001236045 0.003034087
1747986935.733740 1.620633245 2.456394434 0.007955165 0.999995351 -0.001704799 0.001296686 0.002183112
1747986935.760693 1.621618986 2.456775665 0.007913989 0.999995708 -0.001314457 0.001245089 0.002310093
1747986935.788624 1.622120857 2.456669807 0.007844753 0.999990940 -0.000772802 0.001270144 0.003990699
1747986935.816615 1.622457862 2.456830502 0.007921883 0.999978781 -0.000297054 0.001434369 0.006344259
1747986935.844694 1.622500300 2.456927538 0.007621964 0.999975801 -0.000354467 0.001778364 0.006714694
1747986935.871839 1.624611259 2.457140923 0.008224491 0.999978006 -0.000125104 0.001161334 0.006528805
1747986935.899963 1.625349164 2.456990480 0.008262298 0.999981701 0.000759539 0.001265272 0.005866197
1747986935.927706 1.626167178 2.456913233 0.007949542 0.999983609 0.001600357 0.001310828 0.005345970
1747986935.955736 1.627238989 2.457049370 0.008178019 0.999983430 0.002522726 0.001267447 0.005023088
1747986935.983582 1.628399968 2.457083941 0.007898707 0.999983490 0.003485291 0.001097249 0.004437639
1747986936.011538 1.629074574 2.458032846 0.007806550 0.999985516 0.004265559 0.001200258 0.003054541
1747986936.039535 1.629554868 2.458143234 0.008015071 0.999986947 0.004637817 0.001438698 0.001605696
1747986936.067382 1.630288243 2.458169460 0.007857483 0.999986529 0.004814190 0.001439287 0.001301859
1747986936.094898 1.631371737 2.458017588 0.007892188 0.999987543 0.004745855 0.001299858 0.000836714
1747986936.122965 1.631852746 2.458200455 0.008377226 0.999984324 0.005399316 0.001491132 -0.000040337
1747986936.150779 1.632627964 2.458236933 0.008075833 0.999976039 0.006623738 0.001489193 -0.001372407
1747986936.178696 1.633002996 2.458256245 0.007740761 0.999966860 0.007649437 0.001608340 -0.002296287
1747986936.206663 1.633732080 2.457663059 0.007908391 0.999960363 0.008247565 0.001511124 -0.002992965
1747986936.234694 1.634203315 2.457327366 0.007931369 0.999955595 0.008363817 0.001527759 -0.004074660
1747986936.262838 1.634823918 2.457169056 0.007706585 0.999945939 0.007865304 0.001594256 -0.006609521
1747986936.289929 1.635550380 2.457527399 0.007457194 0.999939322 0.007977048 0.001497915 -0.007450609
1747986936.316807 1.635555506 2.457541227 0.007549410 0.999941289 0.007968394 0.001719877 -0.007143828
1747986936.344533 1.636035681 2.457139015 0.007695116 0.999934733 0.008205302 0.001676020 -0.007771409
1747986936.372445 1.636269450 2.457180977 0.007788616 0.999933481 0.008576302 0.001751128 -0.007516886
1747986936.400402 1.636419415 2.457371235 0.007693232 0.999944508 0.008121096 0.001832881 -0.006454994
1747986936.428514 1.636927009 2.457243443 0.007246913 0.999960542 0.007184415 0.001731588 -0.004930087
1747986936.455816 1.637404203 2.457243919 0.007619568 0.999961019 0.007762908 0.001743221 -0.003838238
1747986936.484049 1.638561010 2.456663132 0.007466841 0.999960482 0.008370127 0.001498985 -0.002598983
1747986936.511939 1.638726234 2.456600428 0.007376336 0.999959350 0.008531772 0.001757575 -0.002334228
1747986936.538873 1.639866710 2.456209421 0.007426974 0.999954581 0.008639015 0.001861843 -0.003576265
1747986936.566776 1.641106606 2.455028534 0.007300369 0.999943733 0.008898494 0.001787814 -0.005491492
1747986936.594662 1.641953588 2.454965591 0.007106124 0.999936402 0.009254280 0.001852730 -0.006173430
1747986936.621597 1.642849803 2.455091715 0.007025979 0.999936640 0.009252615 0.001795370 -0.006158745
1747986936.649502 1.642837048 2.454470396 0.007319266 0.999950707 0.007753254 0.002000878 -0.005877971
1747986936.677482 1.642837048 2.454902649 0.007220991 0.999961436 0.006792872 0.002105568 -0.005161874
1747986936.705198 1.642855406 2.454934120 0.007014621 0.999972224 0.006094273 0.002294394 -0.003630291
1747986936.732924 1.642951250 2.454953909 0.007235575 0.999970913 0.006765796 0.002285380 -0.002681977
1747986936.760976 1.643793464 2.454133272 0.007402982 0.999972463 0.007088439 0.001932159 -0.001027308
1747986936.788038 1.644030690 2.454180241 0.007141094 0.999966919 0.007829122 0.002039582 0.000824153
1747986936.815833 1.644708157 2.453708410 0.007065484 0.999963224 0.007835568 0.002018749 0.002850172
1747986936.842956 1.645320535 2.453636885 0.007498570 0.999957442 0.008066582 0.001958659 0.004027263
1747986936.870756 1.646201968 2.453155994 0.007498807 0.999951243 0.008428073 0.001954734 0.004758210
1747986936.898579 1.646862984 2.453119278 0.007270340 0.999944985 0.009100639 0.002050084 0.004802587
1747986936.926405 1.647782445 2.453230619 0.007250496 0.999947429 0.009201475 0.001858400 0.004133169
1747986936.953285 1.647892594 2.453513622 0.007118750 0.999957502 0.008578610 0.001998488 0.002717261
1747986936.980855 1.648409605 2.453455687 0.007251043 0.999966204 0.007919702 0.001944251 0.001061285
1747986937.008660 1.648103833 2.452820063 0.007214547 0.999969244 0.007362538 0.002239654 0.001520700
1747986937.036322 1.648324132 2.452899694 0.007078788 0.999963224 0.007918922 0.002163825 0.002481068
1747986937.064064 1.648899317 2.452749729 0.007167463 0.999957860 0.008805266 0.002044051 0.001610323
1747986937.091758 1.649340391 2.452672958 0.007333933 0.999951065 0.009656027 0.002047065 -0.000697733
1747986937.119511 1.650046229 2.452721596 0.007179535 0.999928653 0.010780647 0.001998493 -0.004745559
1747986937.147381 1.650539279 2.452688456 0.007150165 0.999897957 0.011497961 0.002106520 -0.008214744
1747986937.175361 1.651783943 2.452844143 0.006928477 0.999861181 0.011922278 0.001918703 -0.011482599
1747986937.203442 1.652372599 2.452687025 0.007128999 0.999826074 0.012422601 0.001917229 -0.013778980
1747986937.231455 1.652899504 2.452631712 0.006894758 0.999820232 0.012796882 0.001874684 -0.013864648
1747986937.259248 1.653282642 2.452750921 0.006715254 0.999807775 0.012428015 0.001927479 -0.015042560
1747986937.287351 1.654139519 2.452725410 0.007285072 0.999745667 0.012047388 0.001848842 -0.018975206
1747986937.315095 1.654536486 2.452524900 0.007266105 0.999719322 0.011986589 0.001776301 -0.020358916
1747986937.343249 1.655359745 2.452839375 0.007560259 0.999692142 0.012912068 0.001662473 -0.021122307
1747986937.370408 1.655613780 2.452739239 0.007488647 0.999675095 0.013450738 0.001698566 -0.021586955
1747986937.398380 1.656020045 2.452786922 0.007671721 0.999661803 0.013474803 0.001715025 -0.022177313
1747986937.426492 1.656556368 2.453069448 0.007396457 0.999629736 0.013276130 0.001583950 -0.023700550
1747986937.453692 1.656225801 2.452980995 0.006951625 0.999590933 0.012403665 0.002069376 -0.025687052
1747986937.481636 1.656639934 2.453004360 0.006906111 0.999582350 0.011816368 0.002024149 -0.026295401
1747986937.509532 1.657038331 2.452460289 0.007048402 0.999564290 0.011024712 0.002068811 -0.027301829
1747986937.537832 1.657796979 2.452514648 0.006885224 0.999453306 0.011549005 0.001970252 -0.030917009
1747986937.565972 1.657959342 2.452851772 0.006486373 0.999362171 0.012800958 0.002145669 -0.033269532
1747986937.594115 1.658946991 2.451813459 0.007073145 0.999345481 0.012820054 0.001857361 -0.033775765
1747986937.622483 1.659931660 2.452182770 0.007526274 0.999311686 0.013528756 0.001641741 -0.034503601
1747986937.649697 1.660255909 2.452190161 0.007331252 0.999292016 0.013932806 0.001754203 -0.034904599
1747986937.677945 1.660213351 2.452389240 0.007162454 0.999273479 0.014619746 0.002066278 -0.035135578
1747986937.705985 1.660902619 2.452075243 0.007512219 0.999264836 0.014659823 0.001784516 -0.035380602
1747986937.734146 1.661225796 2.451935768 0.007540930 0.999253690 0.014540023 0.001862044 -0.035738196
1747986937.762182 1.662046671 2.451657534 0.007402565 0.999301851 0.014434908 0.001734574 -0.034416422
1747986937.790302 1.662570119 2.451656342 0.007453857 0.999359190 0.015319604 0.001708325 -0.032304514
1747986937.819148 1.663384676 2.451277494 0.007582714 0.999334872 0.016844589 0.001630769 -0.032301795
1747986937.847314 1.663790464 2.451248646 0.007743246 0.999357104 0.018016426 0.000647156 -0.030990457
1747986937.875572 1.664658308 2.450885057 0.007484959 0.999347329 0.018298920 0.000523152 -0.031140815
1747986937.903889 1.665167451 2.451008797 0.007166460 0.999327600 0.019377641 0.000609827 -0.031120937
1747986937.931363 1.666309595 2.451141119 0.007395946 0.999372363 0.018992448 0.000389446 -0.029900484
1747986937.959419 1.666619062 2.451371431 0.007571972 0.999417305 0.016987244 0.000543532 -0.029599641
1747986937.987481 1.667415738 2.451687098 0.007722583 0.999477983 0.014638363 0.000447674 -0.028797448
1747986938.015507 1.667546868 2.451734304 0.007236858 0.999608278 0.013033952 0.000671373 -0.024757242
1747986938.043590 1.668355703 2.451601744 0.007506453 0.999758303 0.011346363 0.000688630 -0.018818874
1747986938.071627 1.668749571 2.452010870 0.007174793 0.999772072 0.011500320 0.001055929 -0.017955635
1747986938.099474 1.669908166 2.451727867 0.007805349 0.999738276 0.013263159 0.000951098 -0.018618528
1747986938.127623 1.670538902 2.451833010 0.007743045 0.999754250 0.013478470 0.001120233 -0.017564818
1747986938.158208 1.671033859 2.451801300 0.007496630 0.999759972 0.012797385 0.001408519 -0.017729314
1747986938.185477 1.671306610 2.452045918 0.007423706 0.999778330 0.013314466 0.001839072 -0.016206564
1747986938.213466 1.671985626 2.451088428 0.007473227 0.999833703 0.012777537 0.001784730 -0.012893699
1747986938.240170 1.672700644 2.451111794 0.007488328 0.999877632 0.012328070 0.001849329 -0.009454800
1747986938.268103 1.673310995 2.450886011 0.007243726 0.999881089 0.013046091 0.001888996 -0.008006704
1747986938.295977 1.673679709 2.450778008 0.007167849 0.999878883 0.013619242 0.001969466 -0.007275811
1747986938.323890 1.674052835 2.450890541 0.006713896 0.999894381 0.013175534 0.001997161 -0.005807466
1747986938.351829 1.673892736 2.451077461 0.006802652 0.999933779 0.010453402 0.002175090 -0.004301582
1747986938.379751 1.674308181 2.451283455 0.006414814 0.999954939 0.008552521 0.002053491 -0.003569606
1747986938.407539 1.674282074 2.451452017 0.007178105 0.999955118 0.009117257 0.002050196 -0.001556976
1747986938.435268 1.673941374 2.451249123 0.007164172 0.999943554 0.010369465 0.002103203 0.001016405
1747986938.463254 1.673908591 2.451029539 0.007109335 0.999938548 0.010492829 0.002057781 0.002929466
1747986938.491181 1.674030542 2.450883627 0.007114792 0.999941289 0.009997348 0.001984166 0.003688424
1747986938.519063 1.673945069 2.450948238 0.006958945 0.999952793 0.008394975 0.002021851 0.004456791
1747986938.546798 1.673801661 2.451699495 0.007074404 0.999953806 0.007314795 0.002078009 0.005887547
1747986938.574317 1.673601151 2.451189518 0.006751224 0.999954164 0.006731842 0.002129132 0.006467186
1747986938.602121 1.673591852 2.450816631 0.007034271 0.999953866 0.006673547 0.002130719 0.006573654
1747986938.629628 1.673509479 2.450451374 0.006918086 0.999955416 0.006564318 0.002190183 0.006429781
1747986938.657185 1.673413515 2.450693607 0.006914513 0.999948859 0.007443327 0.002187407 0.006494815
1747986938.684786 1.673402905 2.450580359 0.006790848 0.999940693 0.008588616 0.002205332 0.006321650
1747986938.712456 1.673272610 2.450629950 0.006947686 0.999925911 0.009884891 0.002245553 0.006736639
1747986938.740555 1.673287630 2.450521946 0.007005683 0.999898493 0.012166770 0.002288152 0.007056845
1747986938.768926 1.673042655 2.450208664 0.006903863 0.999874651 0.013870432 0.002364581 0.007258442
1747986938.797017 1.673040271 2.450008154 0.006713827 0.999856710 0.013340398 0.002326989 0.010159530
1747986938.824925 1.673390865 2.449057341 0.006687190 0.999868274 0.011379355 0.002225497 0.011358869
1747986938.853070 1.673213959 2.447533131 0.006856387 0.999851942 0.010231107 0.002393017 0.013630570
1747986938.880844 1.673483968 2.446770191 0.006838408 0.999827266 0.010245156 0.002296193 0.015336966
1747986938.908685 1.673752189 2.445786238 0.006805496 0.999828160 0.010475060 0.002334643 0.015119704
1747986938.936520 1.673770189 2.444888592 0.006636083 0.999860108 0.009467607 0.002428312 0.013573172
1747986938.964292 1.673964024 2.444155455 0.007050919 0.999902189 0.006713353 0.002404934 0.012031073
1747986938.992139 1.674453974 2.443787813 0.006777874 0.999947071 0.002549262 0.002326187 0.009696336
1747986939.019982 1.674619794 2.443558216 0.006904975 0.999959946 -0.001240848 0.002300826 0.008564278
1747986939.047589 1.674776316 2.442552567 0.007199961 0.999960661 -0.003937874 0.002118326 0.007660622
1747986939.075294 1.674555898 2.441048861 0.006706285 0.999971211 -0.002866038 0.002389262 0.006606558
1747986939.103263 1.674594045 2.439610004 0.006501748 0.999968767 -0.002066145 0.002403166 0.007240208
1747986939.131257 1.674527407 2.438239336 0.006759748 0.999964118 -0.003179918 0.002348173 0.007494449
1747986939.159100 1.674964547 2.437652826 0.006839068 0.999972343 -0.003334826 0.002177506 0.006285403
1747986939.187074 1.674797058 2.436317682 0.007027581 0.999978960 -0.002760844 0.002299002 0.005401966
1747986939.215428 1.674881816 2.435128927 0.006905678 0.999978840 -0.003570352 0.002237966 0.004958957
1747986939.243392 1.674862146 2.434073448 0.006972568 0.999981582 -0.003407459 0.002327970 0.004449370
1747986939.271123 1.674782276 2.433141708 0.006972084 0.999983072 -0.003836671 0.002484543 0.003593330
1747986939.299094 1.674949288 2.432606220 0.006960149 0.999985516 -0.003528890 0.002374063 0.003297116
1747986939.326083 1.674943089 2.431524515 0.007180958 0.999980509 -0.004008054 0.002346553 0.004180996
1747986939.353882 1.674926519 2.430959463 0.006753729 0.999979913 -0.003860006 0.002348111 0.004441654
1747986939.381771 1.675320625 2.429822445 0.007210436 0.999979973 -0.003721833 0.002194379 0.004626886
1747986939.409488 1.675472736 2.428516626 0.007446350 0.999980211 -0.003741753 0.002058988 0.004620092
1747986939.436475 1.675459266 2.427497625 0.006966867 0.999985814 -0.003727250 0.002146268 0.003141550
1747986939.464386 1.675321579 2.425843000 0.007046376 0.999989510 -0.003773008 0.002202721 0.001414589
1747986939.492213 1.675414324 2.424581051 0.007014385 0.999989808 -0.003873971 0.002261088 0.000485385
1747986939.520111 1.675012589 2.424056768 0.006639402 0.999990284 -0.003669447 0.002457395 -0.000187405
1747986939.548168 1.675208807 2.422559023 0.007073184 0.999989092 -0.003791148 0.002326838 -0.001443383
1747986939.576178 1.675011635 2.421077967 0.006847261 0.999987423 -0.003892009 0.002390132 -0.002064444
1747986939.604196 1.674931765 2.419689417 0.006774407 0.999985158 -0.003839303 0.002446434 -0.003000843
1747986939.631694 1.674696207 2.418876410 0.006780674 0.999985278 -0.003716288 0.002501582 -0.003062845
1747986939.659335 1.674746275 2.417338848 0.007355628 0.999988317 -0.003701185 0.002463651 -0.001906675
1747986939.686140 1.674768329 2.415459394 0.007111388 0.999989748 -0.003831724 0.002370070 0.000542974
1747986939.713869 1.674804211 2.414238453 0.006736125 0.999986589 -0.003802082 0.002277206 0.002676083
1747986939.741332 1.674565792 2.412630796 0.006819208 0.999979138 -0.003758400 0.002356095 0.004700656
1747986939.768673 1.674569845 2.411198139 0.006437873 0.999976993 -0.003633987 0.002428180 0.005192485
1747986939.796039 1.674395800 2.409809113 0.006811943 0.999979556 -0.003746430 0.002572456 0.004499084
1747986939.823509 1.674297452 2.408282042 0.006348385 0.999987185 -0.003549185 0.002745184 0.002355891
1747986939.851143 1.674607873 2.407007456 0.006464385 0.999990642 -0.003365538 0.002614297 0.000726104
1747986939.877922 1.674568295 2.405770302 0.006520152 0.999991059 -0.003153320 0.002706739 -0.000767687
1747986939.905475 1.674494028 2.404638767 0.006565561 0.999985278 -0.003072148 0.002751052 -0.003523950
1747986939.932828 1.674947262 2.403897285 0.006607277 0.999973655 -0.002979117 0.002605448 -0.006085799
1747986939.960298 1.674703598 2.402538538 0.006498493 0.999940336 -0.003225210 0.002759062 -0.010063902
1747986939.987785 1.674432635 2.401684999 0.006411728 0.999897599 -0.003296398 0.002846821 -0.013632313
1747986940.015182 1.674109817 2.400619507 0.006526701 0.999866724 -0.003405479 0.002951691 -0.015694851
1747986940.042648 1.673711896 2.399374485 0.006199914 0.999849141 -0.003419444 0.003058161 -0.016755795
1747986940.069993 1.673550010 2.398348570 0.006617029 0.999856472 -0.003321501 0.003029224 -0.016337616
1747986940.097618 1.673472166 2.397591829 0.006492123 0.999854028 -0.003261666 0.002987316 -0.016505837
1747986940.125302 1.673439860 2.396698475 0.006628308 0.999844372 -0.003347946 0.002959435 -0.017068319
1747986940.154104 1.673184514 2.395988226 0.006272173 0.999841988 -0.003268800 0.003067870 -0.017202884
1747986940.181340 1.673045397 2.395436525 0.006223544 0.999861121 -0.003300731 0.003045408 -0.016049091
1747986940.209071 1.673175931 2.394727230 0.006647522 0.999872446 -0.003315045 0.002987501 -0.015337296
1747986940.235847 1.673180699 2.394022942 0.006678812 0.999874949 -0.003346809 0.002994522 -0.015163767
1747986940.262409 1.673245668 2.393663883 0.006385923 0.999893486 -0.003287028 0.002888368 -0.013923152
1747986940.289981 1.673540235 2.392704487 0.006578596 0.999895990 -0.003244794 0.002857683 -0.013758870
1747986940.317501 1.673801899 2.391784191 0.006587703 0.999883175 -0.003013546 0.002864844 -0.014708563
1747986940.345111 1.673952818 2.390767336 0.006647179 0.999864519 -0.002922430 0.002924756 -0.015932653
1747986940.371834 1.673796415 2.389615059 0.006604265 0.999853611 -0.003079124 0.003113520 -0.016539587
1747986940.399371 1.673937440 2.389111996 0.006652029 0.999844432 -0.003276344 0.003039378 -0.017063688
1747986940.425949 1.673810720 2.388795137 0.006513204 0.999829710 -0.003048167 0.003169767 -0.017924950
1747986940.453673 1.674072266 2.388219357 0.006454508 0.999837875 -0.002917064 0.003115891 -0.017492956
1747986940.481084 1.673930764 2.387530804 0.006157237 0.999847651 -0.003051711 0.003164530 -0.016894495
1747986940.508579 1.673793674 2.386699915 0.006164822 0.999874771 -0.003138797 0.003168203 -0.015185495
1747986940.536290 1.673627734 2.385886192 0.006137330 0.999912977 -0.003221237 0.003158101 -0.012401538
1747986940.563699 1.673774838 2.385087490 0.006591497 0.999925613 -0.003195170 0.003074430 -0.011360965
1747986940.591144 1.673518062 2.383405685 0.006273480 0.999926329 -0.003268581 0.003092990 -0.011274441
1747986940.617804 1.673902869 2.383301973 0.006154765 0.999926746 -0.002880070 0.002941172 -0.011383268
1747986940.645343 1.673802733 2.381394863 0.006073035 0.999909699 -0.002657239 0.003037733 -0.012820213
1747986940.672868 1.673639655 2.380000353 0.006899448 0.999900699 0.005026339 0.001227973 -0.013110357
1747986940.700258 1.675172448 2.377643108 0.006823222 0.999945760 -0.000516007 0.003235300 -0.009886417
1747986940.727324 1.673751116 2.378426552 0.006600512 0.999899328 -0.004141361 0.003333868 -0.013156996
1747986940.754136 1.673585296 2.377948046 0.005741961 0.999922812 -0.004207240 0.003312492 -0.011214089
1747986940.781772 1.673466086 2.377593279 0.006253889 0.999982953 -0.004431465 0.003142056 -0.002134559
1747986940.809247 1.673239946 2.377031565 0.006357735 0.999974370 -0.004714261 0.002999028 0.004474309
1747986940.836884 1.673379421 2.376944065 0.006462701 0.999976039 -0.004722458 0.002929856 0.004131161
1747986940.864384 1.673542142 2.376800537 0.006274159 0.999984324 -0.004527320 0.003006651 -0.001338641
1747986940.891727 1.673739910 2.376310587 0.006056011 0.999953449 -0.004628948 0.003127011 -0.007873026
1747986940.919203 1.673623800 2.375574350 0.005966858 0.999941051 -0.004813990 0.003192539 -0.009198451
1747986940.946987 1.673538089 2.375078917 0.005781924 0.999918759 -0.004386069 0.003284312 -0.011508922
1747986940.973503 1.673641443 2.374092579 0.006343589 0.999878168 -0.003703193 0.003275600 -0.014805445
1747986940.999980 1.673579216 2.373454809 0.006151648 0.999830782 -0.003659456 0.003272864 -0.017730713
1747986941.027451 1.673490167 2.372044802 0.006345133 0.999848664 -0.000500735 0.003245143 -0.017084619
1747986941.054909 1.673392534 2.370620489 0.006054697 0.999842703 0.002992817 0.003242885 -0.017180903
1747986941.082475 1.673270226 2.369792461 0.005920110 0.999738812 -0.001220528 0.003514944 -0.022550156
1747986941.110124 1.673218012 2.369465351 0.005980693 0.999643028 -0.001898020 0.003409493 -0.026432239
1747986941.136722 1.673245907 2.368971348 0.006093863 0.999636471 -0.000572939 0.003401775 -0.026740102
1747986941.164237 1.673290610 2.369329453 0.006314992 0.999606788 -0.002731412 0.003318193 -0.027708817
1747986941.191951 1.673212767 2.369335413 0.006513172 0.999563694 -0.002934759 0.003307149 -0.029205872
1747986941.219602 1.673236370 2.369591236 0.006075547 0.999603391 -0.002879943 0.003335213 -0.027814986
1747986941.246420 1.673397183 2.369515657 0.006449652 0.999682844 -0.002950196 0.003164817 -0.024808392
1747986941.273169 1.673229933 2.369524717 0.006344163 0.999692023 -0.002911550 0.003192911 -0.024437306
1747986941.299552 1.673177481 2.369537830 0.006427376 0.999698818 -0.002983973 0.003220907 -0.024146579
1747986941.327080 1.673108697 2.369719744 0.006170127 0.999711454 -0.002918566 0.003245252 -0.023621745
1747986941.354613 1.673229933 2.369591236 0.006294164 0.999716699 -0.002972496 0.003129431 -0.023408171
1747986941.382320 1.673244834 2.369816065 0.005998520 0.999729276 -0.002914077 0.003152267 -0.022868725
1747986941.409977 1.673363805 2.369704008 0.006194187 0.999748290 -0.003002667 0.003041483 -0.022024812
1747986941.436734 1.673293948 2.369779587 0.006147660 0.999748766 -0.002933568 0.003098357 -0.022006679
1747986941.464475 1.673170328 2.369813919 0.005907896 0.999754488 -0.002876797 0.003163476 -0.021741508
1747986941.492084 1.673146009 2.369808674 0.006027822 0.999758601 -0.002794297 0.003246432 -0.021550987
1747986941.518874 1.672972441 2.369495869 0.006118601 0.999775887 -0.002770000 0.003138696 -0.020753205
1747986941.546419 1.672482848 2.369086266 0.006123780 0.999835610 -0.002454937 0.003125741 -0.017692370
1747986941.574003 1.672298431 2.368465424 0.006098251 0.999830008 -0.002247324 0.003047951 -0.018044690
1747986941.600771 1.672008514 2.367961884 0.005923662 0.999805510 -0.001659674 0.003147406 -0.019397667
1747986941.628458 1.672012925 2.367418051 0.006455460 0.999817610 -0.001454473 0.003011257 -0.018802272
1747986941.656125 1.671463251 2.366798878 0.006264898 0.999838650 -0.001410861 0.003167681 -0.017628681
1747986941.683579 1.671130061 2.366199970 0.005933600 0.999859989 -0.001330454 0.003239158 -0.016364051
1747986941.711030 1.671282530 2.365269899 0.006232718 0.999889374 -0.001453597 0.003046909 -0.014486298
1747986941.737891 1.671204925 2.364603043 0.006355839 0.999935031 -0.001494469 0.002954022 -0.010908414
1747986941.765666 1.670980453 2.363749981 0.006127250 0.999958456 -0.001563841 0.002997473 -0.008468135
1747986941.792397 1.670855403 2.362795830 0.005917939 0.999948740 -0.001496965 0.002995458 -0.009557907
1747986941.819751 1.670859098 2.361773491 0.006483709 0.999944210 -0.000651750 0.003077119 -0.010082554
1747986941.847241 1.670766950 2.360996723 0.006096380 0.999944806 -0.000565448 0.003057414 -0.010039169
1747986941.874795 1.670549870 2.359833241 0.005607434 0.999930441 -0.000365526 0.003273980 -0.011325177
1747986941.901166 1.670808077 2.358721972 0.005712808 0.999924481 -0.000426527 0.003020287 -0.011904793
1747986941.928609 1.670768380 2.357494116 0.005703504 0.999920487 -0.000522269 0.002926651 -0.012254016
1747986941.955950 1.670485497 2.355893612 0.005390676 0.999910593 -0.000521935 0.003157650 -0.012984562
1747986941.983336 1.670724869 2.354468584 0.005967724 0.999901474 -0.000730762 0.002929344 -0.013710182
1747986942.010715 1.670446873 2.352715969 0.005453927 0.999911189 -0.001779925 0.002849484 -0.012900111
1747986942.038222 1.670450926 2.350495338 0.005641322 0.999945760 -0.001814554 0.002795366 -0.009867704
1747986942.064751 1.670056343 2.349131584 0.005374096 0.999964714 -0.002075247 0.002533307 -0.007735753
1747986942.092257 1.669657946 2.346835613 0.005577478 0.999985754 -0.002063377 0.002733150 -0.004106813
1747986942.119556 1.669028521 2.345029831 0.004861727 0.999992132 -0.001907550 0.002897887 -0.001937914
1747986942.146986 1.669120073 2.343217850 0.004995428 0.999992967 -0.001860048 0.002794002 -0.001676272
1747986942.174311 1.669224024 2.340972662 0.005186877 0.999992430 -0.001449047 0.002634161 -0.002469606
1747986942.201985 1.669427872 2.339069605 0.005700788 0.999988139 -0.001376558 0.002801182 -0.003738553
1747986942.229674 1.669259071 2.336945534 0.004931199 0.999982715 -0.001743439 0.002923889 -0.004799615
1747986942.257303 1.669099689 2.334354639 0.004790896 0.999976039 -0.001726374 0.003384455 -0.005792046
1747986942.285000 1.669565201 2.332585335 0.005300202 0.999975145 -0.001458621 0.003435910 -0.005988906
1747986942.312935 1.669303298 2.330867052 0.005524411 0.999971688 -0.001909418 0.003243132 -0.006518387
1747986942.339959 1.669387341 2.328907490 0.005219101 0.999969602 -0.001433108 0.003694638 -0.006714042
1747986942.366830 1.669736028 2.327378511 0.005342775 0.999960363 -0.001322951 0.003705927 -0.007991697
1747986942.394646 1.669899225 2.325269938 0.005062995 0.999918044 -0.001403041 0.003963815 -0.012093942
1747986942.422746 1.670044422 2.322882175 0.005291517 0.999853671 -0.001454208 0.004040428 -0.016560990
1747986942.450610 1.670550466 2.320895672 0.005474100 0.999762535 -0.001877984 0.004087261 -0.021323729
1747986942.478831 1.670761347 2.319131851 0.004728245 0.999718904 -0.001857825 0.004234797 -0.023253845
1747986942.506625 1.671269894 2.317576408 0.005070867 0.999652445 -0.001662300 0.004211272 -0.025971208
1747986942.534503 1.671284080 2.316049576 0.005058896 0.999651253 -0.001886642 0.004211523 -0.026000850
1747986942.562760 1.671593308 2.314568996 0.005354016 0.999650359 -0.001660039 0.004027416 -0.026081325
1747986942.589925 1.671280146 2.313215494 0.004476037 0.999632537 -0.001816007 0.004201734 -0.026718667
1747986942.617750 1.671448112 2.311822414 0.004704333 0.999623179 -0.001736053 0.004090957 -0.027089402
1747986942.644640 1.671267986 2.310618162 0.004551668 0.999633968 -0.001832794 0.004117815 -0.026677102
1747986942.672549 1.671141028 2.309245110 0.004458865 0.999666274 -0.001799468 0.004154183 -0.025433004
1747986942.700581 1.671272397 2.307744980 0.004050975 0.999678552 -0.001825546 0.004010474 -0.024968576
1747986942.728288 1.671197891 2.306333065 0.003673588 0.999716520 -0.001772204 0.004082923 -0.023390492
1747986942.755135 1.671180725 2.305185080 0.004146307 0.999762475 -0.001783462 0.003912004 -0.021366850
1747986942.781831 1.670835257 2.303520918 0.004301343 0.999792397 -0.001868860 0.004138290 -0.019863985
1747986942.809520 1.670804977 2.302366972 0.003617311 0.999812305 -0.001846549 0.004124574 -0.018841250
1747986942.837418 1.671068430 2.300901413 0.003595898 0.999796629 -0.001820085 0.004028341 -0.019676628
1747986942.865377 1.670869946 2.299505711 0.004152220 0.999747992 -0.001685035 0.004195606 -0.021989875
1747986942.891995 1.670816183 2.298365355 0.004338340 0.999735713 -0.001696603 0.004188185 -0.022542061
1747986942.918717 1.670625806 2.296885729 0.003726364 0.999721825 -0.001569681 0.004293710 -0.023140112
1747986942.946650 1.670118093 2.295718908 0.003931304 0.999776125 -0.001154785 0.002593900 -0.020966792
1747986942.974689 1.670563221 2.294905663 0.003891347 0.999642193 -0.002913635 0.005942360 -0.025917830
1747986943.002332 1.670442939 2.293712854 0.003512350 0.999691367 -0.003159830 0.004759890 -0.024178203
1747986943.030285 1.670229554 2.292457104 0.003408042 0.999676228 -0.003018944 0.004613528 -0.024841283
1747986943.058168 1.670267344 2.291359186 0.003734989 0.999671698 -0.003013908 0.004557991 -0.025032813
1747986943.085041 1.670529604 2.290094852 0.004209049 0.999602258 -0.001975253 0.004575941 -0.027757108
1747986943.112748 1.670518398 2.289071321 0.003385643 0.999456644 -0.000028830 0.004642837 -0.032631811
1747986943.139876 1.670615673 2.288749695 0.003873520 0.999420881 -0.001858324 0.004522259 -0.033675127
1747986943.166999 1.670951962 2.288488626 0.004444373 0.999446988 -0.002999962 0.004240127 -0.032843646
1747986943.194760 1.670579433 2.287840843 0.003708453 0.999431312 -0.003035636 0.004521358 -0.033277750
1747986943.221685 1.670694590 2.287194729 0.003758640 0.999458909 -0.002440858 0.004592804 -0.032478739
1747986943.249547 1.670616031 2.286194801 0.003614723 0.999510825 -0.001593057 0.005313489 -0.030780008
1747986943.277348 1.670571089 2.284966469 0.003414196 0.999528468 -0.001795565 0.004276553 -0.030352654
1747986943.305145 1.670509219 2.283877134 0.003712032 0.999555051 -0.001777643 0.004324852 -0.029460385
1747986943.332965 1.670217037 2.282224655 0.002922632 0.999603510 -0.001886051 0.004501194 -0.027730238
1747986943.360645 1.670578837 2.280972719 0.003664609 0.999644816 -0.001726730 0.004298358 -0.026245559
1747986943.387637 1.670411110 2.279413939 0.003279552 0.999650955 -0.001728170 0.004429859 -0.025988672
1747986943.415519 1.670484781 2.277477503 0.003347005 0.999647796 0.000496172 0.004489338 -0.026151078
1747986943.442321 1.670409560 2.275878429 0.002805989 0.999643385 0.000250655 0.004578943 -0.026307814
1747986943.469901 1.670201540 2.273699284 0.003079342 0.999645293 0.000143072 0.004581925 -0.026237028
1747986943.497572 1.669880629 2.271285772 0.002766042 0.999641120 -0.000157922 0.004562278 -0.026397362
1747986943.525431 1.669968724 2.269027948 0.002461149 0.999656677 -0.000342257 0.004583764 -0.025796080
1747986943.552561 1.669856071 2.267120361 0.002555891 0.999654651 -0.001567121 0.004582643 -0.025830690
1747986943.580441 1.669827461 2.264905691 0.002714237 0.999675155 -0.001459755 0.004731505 -0.025000846
1747986943.608206 1.670325398 2.262656927 0.003007403 0.999720335 -0.001358901 0.004596629 -0.023158371
1747986943.635961 1.670426011 2.260858774 0.003312538 0.999728918 -0.001294929 0.004719598 -0.022762939
1747986943.663737 1.671166062 2.258314610 0.002505767 0.999758720 -0.001388766 0.004558494 -0.021443980
1747986943.690937 1.671375155 2.256078720 0.002406861 0.999791443 -0.001397522 0.004538589 -0.019863507
1747986943.718634 1.671814322 2.254232407 0.002292740 0.999810934 -0.001530330 0.004441047 -0.018868174
1747986943.745641 1.671944976 2.252369881 0.002550181 0.999809444 -0.001349211 0.004470490 -0.018955527
1747986943.773682 1.672172189 2.250885725 0.002761441 0.999831200 -0.001218250 0.004405357 -0.017795369
1747986943.801683 1.672072172 2.249389887 0.002527694 0.999834955 -0.001263686 0.004526050 -0.017551174
1747986943.829775 1.672471404 2.247771740 0.002668941 0.999825060 -0.001186039 0.004302679 -0.018163381
1747986943.857852 1.672241688 2.246248245 0.002552674 0.999842107 -0.001129454 0.004437554 -0.017172208
1747986943.885969 1.672272682 2.244863987 0.002823174 0.999873102 -0.001049802 0.004443231 -0.015262655
1747986943.913825 1.672349691 2.243577003 0.002395004 0.999899328 -0.001046881 0.004318752 -0.013475917
1747986943.941606 1.672440767 2.242257118 0.002601458 0.999911726 -0.000940250 0.004380656 -0.012511011
1747986943.968348 1.672442317 2.240128756 0.001755966 0.999911487 -0.001111322 0.004454099 -0.012488163
1747986943.996331 1.672939897 2.238725662 0.002401058 0.999925554 -0.001090329 0.004332380 -0.011354122
1747986944.023213 1.673111916 2.237317562 0.002026573 0.999945045 -0.000816941 0.004315347 -0.009523431
1747986944.050922 1.673164368 2.235716581 0.002296243 0.999958336 -0.000756602 0.004336724 -0.007994146
1747986944.078650 1.673461556 2.233552933 0.002301036 0.999967337 -0.000822899 0.004226346 -0.006843259
1747986944.106511 1.673623085 2.231597185 0.001770962 0.999973834 -0.000736671 0.004208209 -0.005844886
1747986944.133780 1.673663616 2.229744434 0.001767140 0.999984801 -0.000633918 0.004089531 -0.003640460
1747986944.160885 1.673190594 2.228021383 0.001428874 0.999989986 -0.000718776 0.004205814 -0.001354631
1747986944.188616 1.672909737 2.226273298 0.001782940 0.999990106 -0.000645665 0.004094873 0.001629063
1747986944.216861 1.672921658 2.224838257 0.001848667 0.999988079 -0.000458472 0.004043136 0.002702435
1747986944.244807 1.672886252 2.223249674 0.002051694 0.999984682 -0.000614992 0.003987340 0.003786930
1747986944.271979 1.672490358 2.221971512 0.001881222 0.999985278 -0.000545828 0.004107985 0.003507226
1747986944.299817 1.672528744 2.220565557 0.001524486 0.999984860 -0.000577701 0.004133780 0.003592793
1747986944.327689 1.672479510 2.219596624 0.001463062 0.999984384 -0.000608668 0.004140595 0.003700594
1747986944.354677 1.672566652 2.218794346 0.001630758 0.999982655 -0.000421987 0.004191585 0.004124593
1747986944.382549 1.672615767 2.217444658 0.001669037 0.999985039 -0.000586629 0.004185831 0.003472757
1747986944.410377 1.672679067 2.216870785 0.001561483 0.999985218 -0.000449419 0.004165114 0.003470594
1747986944.438059 1.672978759 2.216209412 0.001696843 0.999985099 -0.000320812 0.003989972 0.003711626
1747986944.465685 1.672762156 2.214874029 0.001183925 0.999982774 -0.000536410 0.004117685 0.004157308
1747986944.493619 1.672893167 2.214054823 0.001261070 0.999982893 -0.000480666 0.004099631 0.004145227
1747986944.521481 1.672883272 2.213128805 0.001655951 0.999987245 -0.000330112 0.004149107 0.002859435
1747986944.548441 1.673024297 2.211737633 0.001437147 0.999990642 -0.000454058 0.004174395 0.001041797
1747986944.576447 1.672711730 2.210811138 0.001192861 0.999990523 -0.000447718 0.004325307 -0.000217435
1747986944.603580 1.672757745 2.209565639 0.001558406 0.999990404 -0.000422697 0.004262172 -0.000940804
1747986944.631490 1.672472715 2.209284544 0.001194323 0.999979198 -0.000883418 0.006305310 0.001065157
1747986944.659257 1.672951460 2.208468676 0.001290248 0.999984503 -0.001190294 0.004235627 -0.003412395
1747986944.687123 1.672542572 2.206475496 0.001304076 0.999971211 -0.001794883 0.004515432 -0.005835928
1747986944.714773 1.672463536 2.205384254 0.001364493 0.999965549 -0.001750320 0.004356751 -0.006846793
1747986944.742523 1.671995997 2.203917742 0.001193922 0.999933422 -0.001848841 0.004463810 -0.010480287
1747986944.769206 1.672148943 2.202862740 0.001173350 0.999875247 -0.001729512 0.004344764 -0.015089553
1747986944.796676 1.671652198 2.201257467 0.000647930 0.999739110 -0.001716292 0.004674976 -0.022292482
1747986944.823614 1.671407223 2.200558186 0.000250654 0.999631763 -0.001196221 0.004817385 -0.026678359
1747986944.851340 1.670776248 2.198670864 0.000737316 0.999593854 -0.000033579 0.005610686 -0.027939606
1747986944.878808 1.669900537 2.197390079 0.000469305 0.999678612 -0.000050163 0.004675447 -0.024915392
1747986944.905406 1.669795394 2.196712255 0.000853621 0.999764502 0.000150741 0.004505081 -0.021228855
1747986944.932868 1.670112967 2.195897579 0.001059600 0.999823570 0.000216333 0.004208659 -0.018305505
1747986944.960396 1.669893742 2.195428371 0.000907430 0.999820769 0.000071053 0.004323900 -0.018432675
1747986944.988170 1.670322061 2.195469618 0.001058650 0.999851406 0.000121814 0.004196403 -0.016723001
1747986945.015755 1.670896292 2.195729733 0.000887105 0.999903977 0.000122061 0.004138799 -0.013226003
1747986945.043689 1.671107531 2.195755482 0.000846141 0.999881804 0.000002982 0.004298239 -0.014763738
1747986945.070605 1.671324730 2.195718527 0.001233117 0.999858737 -0.000074908 0.004288358 -0.016252100
1747986945.098293 1.671479940 2.195640802 0.000960586 0.999825954 -0.000089522 0.004409086 -0.018127013
1747986945.124988 1.671589136 2.195890665 0.000656345 0.999822259 -0.000013887 0.004440271 -0.018323466
1747986945.152599 1.671647429 2.195508957 0.000719802 0.999880493 -0.000225796 0.004401280 -0.014820905
1747986945.180763 1.672369957 2.195902348 0.000782487 0.999944687 -0.000108246 0.004138936 -0.009669772
1747986945.208831 1.672309279 2.196054935 0.000859043 0.999945223 -0.000116411 0.004243230 -0.009570534
1747986945.235888 1.672513127 2.196037054 0.000476800 0.999932826 -0.000144338 0.004199586 -0.010801669
1747986945.263799 1.672447205 2.196065187 0.000424747 0.999937057 -0.000084772 0.004229180 -0.010390949
1747986945.291931 1.672290206 2.195842028 0.000128955 0.999949276 -0.000205657 0.004300548 -0.009105022
1747986945.319952 1.672341704 2.196166992 0.000893780 0.999951839 -0.000096559 0.004243101 -0.008848196
1747986945.347834 1.672584176 2.196594954 0.000789510 0.999955356 0.000126903 0.004110499 -0.008511360
1747986945.374981 1.672342420 2.196435690 0.001036133 0.999957919 -0.000017180 0.004226451 -0.008144130
1747986945.402136 1.672420740 2.196506977 0.000961452 0.999951899 -0.000006272 0.004237077 -0.008848833
1747986945.429178 1.672459006 2.196420670 0.000540735 0.999945283 -0.000100376 0.004274022 -0.009553532
1747986945.457127 1.672505260 2.196855068 0.001008800 0.999948919 0.000156138 0.004240463 -0.009172859
1747986945.484893 1.672526002 2.196649075 0.001036323 0.999950111 0.000022272 0.004235882 -0.009049228
1747986945.512809 1.672309399 2.196530342 0.000514598 0.999958038 -0.000075848 0.004209976 -0.008137043
1747986945.540903 1.672480702 2.196607828 0.000891138 0.999964893 -0.000073969 0.004099602 -0.007309753
1747986945.568017 1.671993852 2.196630001 0.000642551 0.999961615 -0.000046622 0.004303037 -0.007636366
1747986945.596074 1.671738029 2.196665525 0.000843220 0.999953926 -0.000052563 0.004271734 -0.008599162
1747986945.624373 1.671461344 2.196811199 0.000847066 0.999936223 -0.000122013 0.004265277 -0.010458794
1747986945.651574 1.670901895 2.196750164 0.000610303 0.999922276 -0.000237191 0.004381557 -0.011674081
1747986945.679416 1.670553446 2.197292328 0.000569532 0.999901175 -0.000009675 0.004322312 -0.013378489
1747986945.706643 1.670045853 2.197390318 0.001096115 0.999863148 0.000049201 0.004311713 -0.015972495
1747986945.733805 1.669470310 2.197287083 0.000638319 0.999848664 0.000021457 0.004329438 -0.016851870
1747986945.761794 1.668456316 2.197369814 0.001214872 0.999841750 0.000435374 0.004157631 -0.017292129
1747986945.789752 1.668124318 2.197437763 0.001263408 0.999867857 0.000717685 0.004006597 -0.015742494
1747986945.817926 1.667522073 2.196959972 0.000845457 0.999843001 0.000575186 0.004145446 -0.017219482
1747986945.846157 1.667204976 2.197364569 0.001002490 0.999834061 0.000673750 0.003906964 -0.017781956
1747986945.874214 1.666810632 2.197736263 0.001184377 0.999839664 0.000711048 0.003835544 -0.017476691
1747986945.901379 1.666345596 2.197737694 0.001045388 0.999846876 0.000524159 0.003748524 -0.017084517
1747986945.929670 1.666085124 2.197929144 0.001108959 0.999867737 0.000482233 0.003564107 -0.015861768
1747986945.956825 1.665614128 2.198009253 0.000933527 0.999884665 0.000360918 0.003325501 -0.014815353
1747986945.985380 1.664766431 2.198172331 0.001419297 0.999910355 0.000320258 0.003217192 -0.012993075
1747986946.013558 1.663927197 2.198484898 0.001265188 0.999953389 0.000191341 0.002864613 -0.009216311
1747986946.041706 1.663259745 2.198419571 0.001475473 0.999971330 0.000038046 0.002690547 -0.007081150
1747986946.068972 1.662975550 2.198590279 0.001758037 0.999981880 0.000004821 0.002451111 -0.005495957
1747986946.097117 1.662619114 2.198758602 0.001526156 0.999981880 -0.000007639 0.002507371 -0.005478389
1747986946.124966 1.662367702 2.198930740 0.001770696 0.999976337 -0.000018782 0.002555813 -0.006389624
1747986946.152781 1.661888838 2.198776960 0.001599126 0.999970675 -0.000059209 0.002571479 -0.007218943
1747986946.180702 1.660513878 2.198181629 0.001296088 0.999965489 -0.000256922 0.002710452 -0.007851236
1747986946.207735 1.659586191 2.198406935 0.000981681 0.999976873 -0.000046201 0.002439259 -0.006346850
1747986946.234653 1.658410907 2.198477507 0.001267611 0.999991953 -0.000036546 0.003021150 -0.002637510
1747986946.262384 1.657224655 2.197781324 0.000869418 0.999994099 -0.000216493 0.003407949 -0.000456639
1747986946.290745 1.655627131 2.197951317 0.001008952 0.999993205 -0.000053902 0.003561293 -0.000977061
1747986946.318873 1.654718876 2.198094606 0.000782652 0.999990880 0.000030925 0.003487975 -0.002471671
1747986946.346871 1.653529406 2.198100328 0.001074441 0.999987006 0.000138875 0.003511872 -0.003693472
1747986946.374803 1.652562022 2.197874069 0.000966858 0.999980688 0.000061771 0.003445704 -0.005179211
1747986946.402178 1.651659369 2.197699785 0.000679974 0.999959409 0.000060749 0.003492941 -0.008303828
1747986946.430316 1.651079655 2.197872877 0.001194761 0.999946833 0.000152960 0.003419598 -0.009729715
1747986946.458800 1.649784684 2.197548389 0.000701588 0.999951661 0.000009275 0.003398425 -0.009230265
1747986946.486228 1.648203135 2.197833776 0.000940349 0.999945641 0.000146855 0.003490594 -0.009827253
1747986946.513818 1.647353292 2.197738171 0.001083896 0.999939442 0.000166348 0.003338857 -0.010487608
1747986946.541332 1.645630717 2.197837830 0.001135150 0.999956071 0.000149591 0.003365477 -0.008749294
1747986946.568011 1.643871546 2.197311878 0.000716289 0.999950469 -0.000172923 0.003403659 -0.009355137
1747986946.595682 1.643012524 2.197905064 0.001366140 0.999946177 0.000108823 0.003150055 -0.009890236
1747986946.623356 1.641127348 2.197576284 0.000621945 0.999952555 -0.000050299 0.003075047 -0.009245048
1747986946.650862 1.639345288 2.197997570 0.001368880 0.999957025 0.000136677 0.002999798 -0.008771096
1747986946.678364 1.637929916 2.198296785 0.001304924 0.999969423 0.000238294 0.002798257 -0.007305932
1747986946.706064 1.635157585 2.197876453 0.001005890 0.999983549 -0.000078819 0.003037326 -0.004862505
1747986946.733761 1.633197308 2.198278666 0.001145484 0.999978125 0.000124399 0.002942335 -0.005927864
1747986946.760497 1.631742120 2.198340654 0.001296921 0.999985874 0.000187535 0.002596743 -0.004636271
1747986946.787577 1.629088879 2.198592186 0.001321230 0.999996424 0.000200376 0.002568749 -0.000716792
1747986946.815006 1.627004623 2.198470116 0.001352891 0.999993563 0.000030299 0.002341281 0.002716779
1747986946.842449 1.624073744 2.198729753 0.001454169 0.999951422 0.000094426 0.002176979 0.009612888
1747986946.869974 1.622142673 2.199035406 0.001443215 0.999890387 0.000192514 0.001823595 0.014694479
1747986946.897601 1.620949388 2.198459387 0.001058036 0.999879539 -0.000042805 0.001696452 0.015431068
1747986946.925256 1.619336009 2.198369503 0.000998392 0.999886930 -0.000039137 0.001814004 0.014929314
1747986946.952781 1.618577957 2.198686838 0.001541484 0.999911904 0.000201628 0.001617387 0.013174086
1747986946.980522 1.617431998 2.198710203 0.001310808 0.999933839 0.000238296 0.001729559 0.011370472
1747986947.008293 1.615997910 2.198690891 0.001237781 0.999947131 0.000215839 0.001887613 0.010107143
1747986947.035129 1.615095615 2.198742151 0.001531826 0.999960780 0.000247783 0.001760688 0.008677049
1747986947.062741 1.613626838 2.198753119 0.001482978 0.999964118 0.000255027 0.001897676 0.008253136
1747986947.089874 1.612123132 2.199021101 0.001648525 0.999963462 0.000344596 0.001883434 0.008328201
1747986947.116715 1.611493587 2.198631763 0.001029789 0.999978006 0.000130350 0.001770970 0.006389626
1747986947.144262 1.610194087 2.198881149 0.001023688 0.999990702 0.000240428 0.001829941 0.003904979
1747986947.172052 1.609048009 2.199097633 0.001494876 0.999994457 0.000291894 0.001766897 0.002812325
1747986947.199672 1.607548118 2.198903799 0.001249806 0.999998271 0.000174757 0.001798347 0.000482442
1747986947.227020 1.606209159 2.199084520 0.001073184 0.999998093 0.000240487 0.001890594 -0.000442992
1747986947.254766 1.604176641 2.199334383 0.001128237 0.999998093 0.000332712 0.001885417 0.000454821
1747986947.282544 1.602329731 2.199415684 0.001351799 0.999997497 0.000293377 0.001645517 0.001500167
1747986947.309323 1.599904060 2.199401140 0.001215232 0.999997675 0.001048321 0.001827835 -0.000538895
1747986947.335841 1.600106835 2.199142456 0.000913563 0.999934971 0.000053518 0.003726660 -0.010780336
1747986947.363168 1.599024296 2.199229479 0.001186234 0.999814451 0.001224818 0.009782447 -0.016547233
1747986947.390554 1.595838070 2.199164867 0.001025797 0.999967992 0.000112082 0.003373877 -0.007257729
1747986947.418150 1.592912793 2.198985100 0.000793501 0.999990940 0.000720372 0.002848638 -0.003085605
1747986947.445573 1.591477036 2.199301958 0.001043789 0.999947369 0.000878310 0.001657030 0.010090216
1747986947.473111 1.590443492 2.199283600 0.000847680 0.999916196 0.000825268 0.001666700 0.012813614
1747986947.499869 1.589773417 2.199441195 0.001011118 0.999976158 -0.000171957 0.001631142 0.006704078
1747986947.527406 1.588960886 2.199386835 0.000823072 0.999993443 -0.000069716 0.001709834 -0.003189205
1747986947.554893 1.587766647 2.199886322 0.000575108 0.999930501 0.000266293 0.002026456 -0.011612748
1747986947.581462 1.587023377 2.199587584 0.000376941 0.999845505 0.000116411 0.002178728 -0.017440801
1747986947.608903 1.586502790 2.199787855 0.000574156 0.999773502 0.000240206 0.002014773 -0.021185584
1747986947.636563 1.585126996 2.199672937 0.001107571 0.999723732 0.000277138 0.002267811 -0.023394501
1747986947.664010 1.583828568 2.199501753 0.000833673 0.999693751 0.000264251 0.002169276 -0.024650797
1747986947.691385 1.581656218 2.199352980 0.001025674 0.999745727 -0.000026846 0.001206629 -0.022518730
1747986947.718739 1.580110073 2.199194670 0.000739717 0.999738157 0.000213279 0.000959846 -0.022863753
1747986947.746226 1.578741789 2.199160337 0.001063974 0.999742448 0.000151570 0.000530356 -0.022687139
1747986947.773877 1.576730728 2.198944092 0.000643737 0.999744415 0.000153653 0.000444717 -0.022603855
1747986947.801455 1.575482368 2.198719740 0.000723926 0.999759018 0.000458488 0.000640570 -0.021939890
1747986947.828972 1.573797703 2.198673487 0.000960373 0.999747455 0.000560738 0.000670930 -0.022456557
1747986947.856563 1.572078943 2.198551178 0.000891037 0.999758780 0.000154369 0.001268143 -0.021927584
1747986947.884312 1.569672227 2.198751688 0.001088037 0.999753177 0.000273724 0.001615521 -0.022156563
1747986947.911919 1.567170620 2.199027777 0.000892490 0.999785483 0.000244603 0.001403716 -0.020662876
1747986947.939518 1.563910007 2.199038744 0.001230658 0.999807775 0.000159027 0.001638805 -0.019537453
1747986947.967208 1.562008739 2.199129820 0.001293913 0.999854624 0.000186844 0.001402127 -0.016995009
1747986947.995090 1.559460402 2.198940039 0.000504770 0.999887109 0.000064418 0.001247862 -0.014974977
1747986948.022708 1.556934595 2.199095011 0.001243364 0.999885082 0.000278787 0.001214668 -0.015109449
1747986948.050593 1.553977728 2.198810339 0.001370163 0.999878466 0.000236093 0.001311380 -0.015532426
1747986948.078403 1.551994801 2.198390007 0.001192449 0.999884546 0.000124332 0.001171166 -0.015150898
1747986948.105944 1.549885631 2.198065042 0.001250043 0.999882162 0.000106460 0.001034219 -0.015316579
1747986948.133565 1.547495484 2.197921515 0.001154867 0.999875367 0.000113002 0.001040528 -0.015752897
1747986948.161446 1.545361400 2.197935104 0.001014413 0.999864340 0.000208971 0.001190533 -0.016428972
1747986948.188206 1.543869495 2.197740793 0.000635425 0.999816239 0.000224382 0.001043919 -0.019141696
1747986948.215811 1.542265892 2.197731733 0.000984310 0.999755204 0.000275554 0.001141768 -0.022094423
1747986948.243597 1.540960073 2.198124886 0.001372889 0.999699712 0.000465142 0.001317648 -0.024465762
1747986948.271368 1.539841175 2.197669029 0.001003326 0.999612689 0.000313061 0.001335707 -0.027795000
1747986948.299259 1.538923144 2.197490692 0.000651878 0.999556363 0.000240800 0.001236138 -0.029756656
1747986948.327118 1.537867308 2.197575331 0.000689395 0.999498963 0.000260442 0.001335893 -0.031622667
1747986948.354182 1.536362886 2.197607994 0.000808240 0.999479055 0.000292984 0.001355618 -0.032244153
1747986948.382239 1.534892678 2.197531223 0.000912342 0.999502897 0.000240753 0.001278486 -0.031501550
1747986948.409239 1.533762097 2.197582245 0.000842197 0.999538243 0.000256298 0.001145370 -0.030363852
1747986948.437016 1.531532764 2.197544575 0.000914869 0.999618948 0.000173558 0.001268053 -0.027574217
1747986948.464704 1.529887795 2.197663307 0.000988730 0.999698341 0.000179060 0.001109669 -0.024534885
1747986948.492445 1.528080583 2.197763443 0.001091580 0.999748945 0.000158444 0.001182297 -0.022375906
1747986948.519347 1.526854277 2.197690010 0.001076250 0.999793887 0.000126328 0.000815643 -0.020286815
1747986948.546983 1.525118113 2.197580099 0.000797700 0.999841630 0.000046172 0.000737699 -0.017782122
1747986948.574764 1.523927689 2.197599173 0.000451218 0.999893427 0.000049397 0.000577713 -0.014589456
1747986948.602329 1.522000790 2.197683573 0.000686145 0.999922812 0.000016884 0.000626157 -0.012406899
1747986948.630042 1.520574331 2.197765827 0.000890165 0.999941826 -0.000015782 0.000533544 -0.010774651
1747986948.657323 1.519457102 2.197788239 0.000908424 0.999954879 -0.000039957 0.000523747 -0.009483109
1747986948.683902 1.518213987 2.197849035 0.000755024 0.999970376 -0.000056061 0.000479345 -0.007679785
1747986948.710368 1.517540336 2.197846174 0.000849537 0.999981701 -0.000096381 0.000317831 -0.006039511
1747986948.737947 1.516686559 2.197767258 0.000890657 0.999988317 -0.000142449 0.000304864 -0.004827640
1747986948.765688 1.516206145 2.197765350 0.000813743 0.999990821 -0.000165469 0.000259446 -0.004274873
1747986948.793435 1.515869141 2.197900057 0.000678731 0.999994159 -0.000116833 0.000195511 -0.003416698
1747986948.821118 1.515886784 2.197435141 0.000186057 0.999995649 -0.000288676 -0.000126811 -0.002936623
1747986948.848865 1.515161753 2.197445869 0.000648508 0.999985933 0.000004821 -0.000337208 -0.005300979
1747986948.876386 1.514959097 2.197432756 0.000697582 0.999989748 -0.000343230 0.001072777 -0.004393801
1747986948.903342 1.514196634 2.197315931 0.000358413 0.999997199 -0.000432246 0.001087859 -0.002075770
1747986948.931291 1.512886643 2.197629452 0.000479714 0.999998987 -0.000305029 0.001304282 -0.000538823
1747986948.958256 1.512014270 2.197756290 0.000786200 0.999997318 -0.000316971 0.001313758 0.001895668
1747986948.986265 1.510969400 2.197594404 0.000613833 0.999991238 -0.000400485 0.001251283 0.003976516
1747986949.014106 1.509900689 2.197783470 0.000734538 0.999984384 -0.000260145 0.001146608 0.005465733
1747986949.041772 1.509128928 2.197975397 0.000669988 0.999976814 -0.000050236 0.000996755 0.006733066
1747986949.069475 1.508655787 2.198016405 0.000734021 0.999970734 -0.000009201 0.000744073 0.007620740
1747986949.097094 1.508020997 2.197818756 0.000647581 0.999971390 -0.000065179 0.000683300 0.007530927
1747986949.124660 1.507543802 2.197827816 0.000650464 0.999977350 -0.000024729 0.000582662 0.006702628
1747986949.151366 1.507249236 2.198148251 0.000510143 0.999984145 0.000238304 0.000330757 0.005623342
1747986949.178930 1.506345987 2.198131084 0.000543637 0.999986768 0.000295449 0.000394936 0.005122999
1747986949.206723 1.505692840 2.198122501 0.000481349 0.999984443 0.000242692 0.000182476 0.005573800
1747986949.234497 1.504938364 2.198319912 0.000231130 0.999978662 -0.000538819 -0.000339713 0.006503669
1747986949.262173 1.504119039 2.198484659 0.000554330 0.999974310 -0.000434315 -0.000466480 0.007136751
1747986949.289941 1.503289700 2.198458195 0.000765294 0.999972880 -0.000533644 -0.000343951 0.007336588
1747986949.317714 1.503142953 2.198386669 0.000498026 0.999977350 -0.000565467 -0.000432559 0.006695046
1747986949.345511 1.502986073 2.198566675 0.000258003 0.999987602 -0.000453217 -0.000387529 0.004943699
1747986949.373213 1.502828956 2.198352337 0.000362355 0.999993920 -0.000612129 -0.000353855 0.003422841
1747986949.400958 1.502687335 2.198459864 0.000411987 0.999997735 -0.000525362 -0.000382786 0.002032310
1747986949.428738 1.502604127 2.198501825 0.000052806 0.999999285 -0.000564327 -0.000450439 0.000983677
1747986949.456314 1.501981258 2.198581219 0.000446183 0.999998748 -0.000537291 -0.000400069 0.001435801
1747986949.483042 1.501169562 2.198863506 0.000458570 0.999995649 -0.000508377 -0.000380913 0.002900552
1747986949.510716 1.500678778 2.198922157 0.000221444 0.999990344 -0.000612722 -0.000516488 0.004326856
1747986949.537445 1.500029922 2.199065208 0.000424603 0.999987543 -0.000636074 -0.000506389 0.004933212
1747986949.565127 1.499903321 2.198966742 -0.000263398 0.999980688 -0.000786700 -0.000742176 0.006125298
1747986949.592619 1.498925567 2.199446440 0.000422978 0.999972343 -0.000554395 -0.000588520 0.007392346
1747986949.619807 1.498748541 2.199111938 -0.000061001 0.999962747 -0.000792944 -0.000714419 0.008564784
1747986949.647943 1.498216867 2.199515820 0.000126860 0.999965787 -0.000624454 -0.000725362 0.008218632
1747986949.676027 1.497969866 2.199857473 0.000431127 0.999988019 -0.000197092 -0.000677147 0.004839574
