1747986923.095554 1.500647306 2.217028856 0.000681117 0.999999285 -0.000533691 0.000426155 0.001006392
1747986923.123188 1.500573635 2.219766617 0.001242297 0.999999821 -0.000160444 0.000517781 0.000260589
1747986923.151115 1.500795007 2.220791578 0.000968323 0.999999523 -0.000666595 0.000468781 -0.000584400
1747986923.178700 1.500285506 2.222623825 0.001927471 0.999998271 -0.000520735 0.000795700 -0.001583847
1747986923.206229 1.500590920 2.224225998 0.001866607 0.999998033 -0.000653333 0.000707856 -0.001740319
1747986923.233858 1.500761151 2.227797508 0.002223138 0.999995828 0.000300277 0.000727332 -0.002787506
1747986923.261536 1.500677228 2.229337454 0.002401364 0.999993443 0.000360647 0.000924774 -0.003493367
1747986923.289233 1.500946403 2.229716778 0.001976252 0.999992192 -0.000270343 0.000794065 -0.003858487
1747986923.316717 1.500919223 2.231407166 0.001885549 0.999993682 -0.000259499 0.000865707 -0.003443585
1747986923.344499 1.500946760 2.233043909 0.002439012 0.999993622 -0.000115619 0.000834815 -0.003471024
1747986923.371981 1.501107454 2.234957933 0.002153625 0.999987841 0.000005229 0.000748721 -0.004874671
1747986923.399405 1.501252770 2.236021042 0.002185555 0.999983728 -0.000198454 0.000635728 -0.005672283
1747986923.427114 1.501217604 2.237561226 0.002372762 0.999982715 -0.000101371 0.000654733 -0.005845985
1747986923.454795 1.501365185 2.239175320 0.002252935 0.999977589 -0.000121794 0.000539143 -0.006673240
1747986923.482647 1.501118660 2.240680933 0.002540359 0.999980927 -0.000099684 0.000635954 -0.006146478
1747986923.510383 1.501266956 2.241899729 0.002479721 0.999979913 -0.000002627 0.000585280 -0.006314245
1747986923.537259 1.501524925 2.243428707 0.002529950 0.999980509 0.000069443 0.000420371 -0.006229240
1747986923.565018 1.501377702 2.244660616 0.002418375 0.999980807 0.000091134 0.000518660 -0.006177871
1747986923.592820 1.501441717 2.245197058 0.002701676 0.999983072 -0.000108871 0.000443372 -0.005802126
1747986923.619577 1.501361012 2.246363401 0.002513410 0.999983788 -0.000064956 0.000440300 -0.005678825
1747986923.647337 1.501382470 2.246887207 0.002589198 0.999988019 -0.000299676 0.000354612 -0.004871554
1747986923.674985 1.501125097 2.247914314 0.002425068 0.999987423 -0.000303559 0.000431121 -0.004991242
1747986923.702627 1.500989199 2.249101400 0.002645244 0.999990642 -0.000311044 0.000422661 -0.004299502
1747986923.730129 1.500844955 2.250415802 0.002717257 0.999992609 -0.000273090 0.000385626 -0.003818832
1747986923.758111 1.500878215 2.251446724 0.002337198 0.999992430 -0.000322855 0.000344857 -0.003869731
1747986923.784964 1.500492096 2.252912283 0.002445199 0.999993682 -0.000311766 0.000377585 -0.003522249
1747986923.812911 1.500382543 2.254212141 0.002564077 0.999995112 -0.000382229 0.000297185 -0.003094170
1747986923.839997 1.500151515 2.255411863 0.002801817 0.999994516 -0.000325018 0.000402714 -0.003277988
1747986923.867784 1.500179529 2.256738663 0.002880270 0.999994636 -0.000365308 0.000297028 -0.003245791
1747986923.895563 1.500203967 2.258071899 0.002976707 0.999995112 -0.000345111 0.000271095 -0.003094515
1747986923.922683 1.500194073 2.259064436 0.002804151 0.999993622 -0.000413861 0.000325088 -0.003541625
1747986923.950439 1.500213742 2.260433674 0.003099703 0.999992490 -0.000408158 0.000351211 -0.003845288
1747986923.978256 1.500150681 2.261570930 0.003102683 0.999991894 -0.000461682 0.000307162 -0.003989679
1747986924.006109 1.500213861 2.262319326 0.002967396 0.999987006 -0.000656770 0.000331669 -0.005043087
1747986924.034041 1.500440121 2.263652563 0.002948710 0.999972284 -0.000567505 0.000330495 -0.007415256
1747986924.062139 1.500540614 2.263948441 0.002935729 0.999958336 -0.000953948 0.000352147 -0.009076575
1747986924.088961 1.500748515 2.264415264 0.003140364 0.999942243 -0.001082054 0.000367259 -0.010690345
1747986924.115451 1.500788093 2.265436888 0.003203741 0.999920428 -0.001083261 0.000498373 -0.012560378
1747986924.142893 1.500903249 2.266085625 0.002984323 0.999907494 -0.001111897 0.000524546 -0.013545279
1747986924.170517 1.501293659 2.267279148 0.002828090 0.999899387 -0.000922999 0.000372783 -0.014151854
1747986924.198097 1.501330137 2.267687559 0.002779571 0.999872506 -0.001086937 0.000516461 -0.015926149
1747986924.225801 1.501350045 2.268146992 0.003182234 0.999861956 -0.001011244 0.000515676 -0.016579060
1747986924.253478 1.501530886 2.268576384 0.002939889 0.999859154 -0.001118221 0.000427957 -0.016741866
1747986924.281190 1.501505136 2.269219875 0.002869853 0.999865770 -0.001129313 0.000471771 -0.016341036
1747986924.308830 1.501673341 2.269726515 0.002872932 0.999875963 -0.001125428 0.000369694 -0.015708825
1747986924.336776 1.501624346 2.270174742 0.002894553 0.999904454 -0.001092826 0.000345531 -0.013775173
1747986924.363580 1.501321316 2.271029949 0.002978748 0.999915063 -0.000985748 0.000410586 -0.012989463
1747986924.391321 1.501367688 2.271526814 0.002967170 0.999905229 -0.000979039 0.000385406 -0.013729652
1747986924.418169 1.501409292 2.272205353 0.003508737 0.999904752 -0.000975033 0.000333909 -0.013764160
1747986924.446100 1.501500964 2.272388935 0.003203579 0.999942362 -0.000440331 0.000370646 -0.010726112
1747986924.473825 1.501571655 2.272675037 0.003333507 0.999905407 0.000171174 0.000437068 -0.013748250
1747986924.501412 1.501529098 2.273043156 0.002965128 0.999892831 0.000261219 0.000518772 -0.014626957
1747986924.529243 1.501677155 2.273441076 0.002870730 0.999888778 0.000296851 0.000437832 -0.014905700
1747986924.557001 1.501889467 2.274336100 0.002838559 0.999893844 0.000534062 0.000414236 -0.014557920
1747986924.584615 1.501604795 2.274870872 0.002872575 0.999905646 0.000560950 0.000556356 -0.013715988
1747986924.612469 1.501796722 2.275284290 0.003120716 0.999918640 0.000406759 0.000434085 -0.012741789
1747986924.639179 1.501602769 2.275410414 0.002954584 0.999920845 0.000204224 0.000468611 -0.012570136
1747986924.666024 1.501614451 2.276023149 0.002941276 0.999935746 0.000151328 0.000478691 -0.011327859
1747986924.693818 1.501724958 2.276301146 0.003202452 0.999941766 -0.000000049 0.000442367 -0.010783151
1747986924.721653 1.501859307 2.277055979 0.002995660 0.999942303 0.000039308 0.000356103 -0.010738221
1747986924.749501 1.501853347 2.278164387 0.003097925 0.999947488 -0.000021194 0.000423347 -0.010242896
1747986924.777097 1.501575112 2.279302359 0.003366255 0.999956131 -0.000017389 0.000510999 -0.009355851
1747986924.805154 1.501834035 2.280405760 0.003362617 0.999962449 -0.000125256 0.000347066 -0.008660023
1747986924.832930 1.501602292 2.281279325 0.003521071 0.999957979 -0.000121058 0.000592279 -0.009146639
1747986924.860814 1.501743436 2.282390833 0.003692727 0.999950826 -0.000859143 0.000323117 -0.009875349
1747986924.888642 1.501585841 2.283509731 0.003758204 0.999956548 -0.001432549 0.000345169 -0.009206789
1747986924.916584 1.501616240 2.284404039 0.003540254 0.999957919 -0.001408039 0.000297607 -0.009063436
1747986924.944534 1.501613259 2.285453796 0.003474712 0.999959826 -0.001529242 0.000329187 -0.008827861
1747986924.972159 1.501633883 2.287492275 0.003491130 0.999962211 -0.001115531 0.000305377 -0.008616619
1747986924.999987 1.501599073 2.288733244 0.003938193 0.999966443 -0.001172701 0.000298800 -0.008105817
1747986925.027483 1.501622081 2.289756536 0.003647348 0.999968469 -0.001184675 0.000239724 -0.007848518
1747986925.055121 1.501399517 2.291000128 0.003862474 0.999972880 -0.002441420 0.000086996 -0.006953539
1747986925.082780 1.501655459 2.291833401 0.003380235 0.999954522 -0.002990958 0.000169337 -0.009054875
1747986925.110516 1.501662493 2.292705059 0.003749032 0.999945939 -0.002778134 0.000378677 -0.010017019
1747986925.138185 1.501958370 2.293637276 0.003427468 0.999942124 -0.002802574 0.000358405 -0.010384739
1747986925.165938 1.502030015 2.294727087 0.003421823 0.999949038 -0.002787349 0.000304662 -0.009696024
1747986925.192793 1.502171993 2.295400858 0.003404481 0.999949455 -0.002799254 0.000325498 -0.009653552
1747986925.220665 1.502105832 2.296300650 0.003590931 0.999937892 -0.002656999 0.000505454 -0.010815632
1747986925.248221 1.502149224 2.297208548 0.003848451 0.999933064 -0.002507005 0.000579716 -0.011283208
1747986925.275550 1.502194881 2.297880173 0.003526125 0.999939442 -0.002587311 0.000603378 -0.010679988
1747986925.303016 1.502169728 2.298666239 0.003971215 0.999950290 -0.002597501 0.000607958 -0.009607214
1747986925.330720 1.502146244 2.299520731 0.003887770 0.999957681 -0.002559867 0.000713941 -0.008805564
1747986925.358126 1.502161026 2.300126314 0.003772190 0.999961734 -0.002512281 0.000722971 -0.008347548
1747986925.385556 1.502340674 2.301087141 0.003952207 0.999966085 -0.001865041 0.000792205 -0.007979610
1747986925.412935 1.502278566 2.302302361 0.003986625 0.999976516 -0.001459590 0.000290929 -0.006690750
1747986925.440554 1.502286911 2.303530931 0.004101553 0.999976993 -0.001436283 0.000264220 -0.006625846
1747986925.467175 1.502071261 2.304940939 0.004260700 0.999979734 -0.001396341 0.000311525 -0.006204205
1747986925.494864 1.501882553 2.305974245 0.003994809 0.999985814 -0.001474575 0.000287468 -0.005113636
1747986925.521453 1.501581788 2.307366133 0.004066330 0.999989688 -0.001559899 0.000323990 -0.004249892
1747986925.549260 1.501484871 2.308693171 0.004207355 0.999990463 -0.001663193 0.000285983 -0.004039846
1747986925.576685 1.501336694 2.309752226 0.004104057 0.999991417 -0.001694824 0.000321361 -0.003767892
1747986925.604313 1.501435161 2.310121059 0.003776303 0.999991179 -0.002145163 0.000195983 -0.003604506
1747986925.632008 1.501456141 2.311155796 0.004041586 0.999986291 -0.002265991 0.000282723 -0.004716464
1747986925.659411 1.501644254 2.312037230 0.003739089 0.999978483 -0.002261516 0.000314348 -0.006149238
1747986925.687022 1.501586795 2.313220978 0.004277065 0.999972939 -0.002161598 0.000389328 -0.007017563
1747986925.714811 1.501756072 2.314724445 0.004337577 0.999971211 -0.001929732 0.000383231 -0.007329895
1747986925.741590 1.501826644 2.315513372 0.004189210 0.999971271 -0.002067930 0.000361470 -0.007284797
1747986925.769030 1.501842976 2.316610098 0.004281016 0.999978423 -0.002018954 0.000377205 -0.006245141
1747986925.796385 1.501902938 2.317752123 0.004396150 0.999978960 -0.001887508 0.000319218 -0.006198718
1747986925.823310 1.502138019 2.318869591 0.004250523 0.999972582 -0.001949180 0.000308404 -0.007141717
1747986925.850641 1.502130032 2.319466114 0.004193274 0.999966621 -0.002101249 0.000321093 -0.007887416
1747986925.878211 1.502223969 2.320181608 0.004274441 0.999965429 -0.002262422 0.000379348 -0.007993528
1747986925.905855 1.502331376 2.321153641 0.004047906 0.999962628 -0.002339614 0.000262291 -0.008322327
1747986925.933518 1.502445102 2.322388411 0.004045156 0.999954939 -0.002386830 0.000289357 -0.009185406
1747986925.960987 1.502389431 2.323535919 0.004211121 0.999949217 -0.002337418 0.000345562 -0.009799871
1747986925.988715 1.502496839 2.324763298 0.004000300 0.999946594 -0.002446693 0.000328259 -0.010038423
1747986926.016055 1.502427816 2.326136112 0.004310531 0.999941349 -0.002544396 0.000386226 -0.010521731
1747986926.043267 1.502486110 2.327175140 0.004348602 0.999933481 -0.002581677 0.000306535 -0.011237607
1747986926.070598 1.502408266 2.328675985 0.004381717 0.999935329 -0.002582042 0.000337428 -0.011070237
1747986926.098002 1.502489686 2.329689026 0.004276107 0.999933362 -0.002745917 0.000274870 -0.011211618
1747986926.125682 1.502437234 2.331442356 0.004569291 0.999921083 -0.002555052 0.000423985 -0.012292842
1747986926.152950 1.502534866 2.332833290 0.004513532 0.999920189 -0.002550001 0.000302254 -0.012370312
1747986926.180377 1.502410173 2.334131002 0.004845190 0.999914050 -0.002419470 0.000419197 -0.012881340
1747986926.207858 1.502517700 2.335519791 0.004734630 0.999912798 -0.002383702 0.000490408 -0.012980507
1747986926.235372 1.502697825 2.336552620 0.004641511 0.999923348 -0.002519049 0.000415511 -0.012116286
1747986926.262893 1.502640247 2.337417364 0.004786320 0.999936759 -0.002649737 0.000481418 -0.010922839
1747986926.290243 1.502747178 2.338592529 0.004595141 0.999943256 -0.002668755 0.000365857 -0.010306598
1747986926.317640 1.502730846 2.339332342 0.004344475 0.999945104 -0.002798866 0.000401197 -0.010091788
1747986926.344959 1.502709031 2.340284109 0.004590755 0.999950707 -0.002724424 0.000409465 -0.009538466
1747986926.372408 1.502679229 2.341556072 0.004661952 0.999964058 -0.002694999 0.000475464 -0.008027066
1747986926.399829 1.502789378 2.342485666 0.004500075 0.999957323 -0.002717622 0.000383181 -0.008821858
1747986926.427192 1.502621531 2.343350172 0.004677088 0.999958754 -0.002735596 0.000478776 -0.008647524
1747986926.454432 1.502555490 2.344320774 0.004579652 0.999964118 -0.002786313 0.000505230 -0.007989721
1747986926.481988 1.502495050 2.345293045 0.004715734 0.999970913 -0.002695854 0.000505445 -0.007123632
1747986926.509503 1.502337694 2.346241474 0.004772455 0.999973357 -0.002782022 0.000530359 -0.006728077
1747986926.536985 1.502408624 2.346444607 0.004607943 0.999972522 -0.003155707 0.000442682 -0.006699063
1747986926.564385 1.502289772 2.347166777 0.004515222 0.999972761 -0.003094843 0.000505928 -0.006681408
1747986926.591753 1.502391338 2.348134279 0.004218567 0.999974906 -0.003151372 0.000462170 -0.006327481
1747986926.619173 1.502243519 2.349068880 0.004387156 0.999975443 -0.003129952 0.000540737 -0.006252720
1747986926.646655 1.502321362 2.350324154 0.004625024 0.999979615 -0.002953880 0.000466894 -0.005639342
1747986926.674269 1.502492905 2.351337671 0.004592962 0.999977946 -0.002978707 0.000439424 -0.005920591
1747986926.701735 1.502701521 2.352486372 0.004517496 0.999976635 -0.003048172 0.000385579 -0.006111979
1747986926.729292 1.502491713 2.353280306 0.004742742 0.999975085 -0.003068858 0.000525530 -0.006335110
1747986926.756752 1.502586484 2.354550838 0.004618506 0.999976993 -0.002914581 0.000476875 -0.006108725
1747986926.784432 1.502487302 2.355345249 0.004996744 0.999972045 -0.003023455 0.000554297 -0.006822902
1747986926.812054 1.502427101 2.355915070 0.005031537 0.999972105 -0.003086730 0.000618043 -0.006773882
1747986926.838751 1.502535105 2.356786728 0.004746524 0.999983668 -0.003189997 0.000460660 -0.004722085
1747986926.866294 1.502521753 2.357470274 0.004785780 0.999992549 -0.003143827 0.000340072 -0.002206716
1747986926.893941 1.502150416 2.358359814 0.005054837 0.999994993 -0.003096448 0.000439520 0.000515068
1747986926.920436 1.502242923 2.359149456 0.004812293 0.999989569 -0.003412998 0.000250282 0.003028210
1747986926.947729 1.502301693 2.358166456 0.004979801 0.999994338 0.002893258 0.000532835 0.001631724
1747986926.975142 1.502279043 2.360453606 0.004413183 0.999995768 -0.001998394 0.000447190 0.002065059
1747986927.002601 1.502171397 2.361472845 0.005036992 0.999995410 -0.001850281 0.000493429 0.002357839
1747986927.030414 1.502458453 2.362222910 0.004712856 0.999994159 -0.001836120 0.000321637 0.002867628
1747986927.058038 1.502134919 2.362917423 0.005088958 0.999992192 -0.001849472 0.000373410 0.003485332
1747986927.085905 1.502370596 2.363707781 0.004894074 0.999992073 -0.001829229 0.000303743 0.003519478
1747986927.112724 1.502409697 2.364131927 0.004706065 0.999991059 -0.001961639 0.000313863 0.003727984
1747986927.139985 1.502296329 2.365192890 0.004812674 0.999985516 -0.001960167 0.000401179 0.004994560
1747986927.166597 1.502326250 2.365875721 0.004831614 0.999979079 -0.001971643 0.000386130 0.006150321
1747986927.194242 1.502462864 2.366861582 0.004962332 0.999970317 -0.001900612 0.000329813 0.007462673
1747986927.221928 1.502552152 2.368421555 0.005245690 0.999959886 -0.001658969 0.000362156 0.008799971
1747986927.249430 1.502679825 2.369302511 0.005000033 0.999947309 -0.001876874 0.000301460 0.010088645
1747986927.276942 1.502581954 2.370529652 0.005221812 0.999939263 -0.002915635 0.000197366 0.010627068
1747986927.303748 1.502481103 2.371598959 0.005110479 0.999924421 -0.002879225 0.000202970 0.011953402
1747986927.331255 1.502346873 2.373220444 0.005263724 0.999920607 -0.002805627 0.000303203 0.012280686
1747986927.358960 1.502187014 2.374380112 0.005600274 0.999916732 -0.002805483 0.000307734 0.012590870
1747986927.385602 1.502412200 2.374903440 0.005069672 0.999909163 -0.003120554 0.000218023 0.013109571
1747986927.413153 1.502501488 2.376143217 0.005380874 0.999909878 -0.003116486 0.000165706 0.013059327
1747986927.440678 1.502398729 2.377885342 0.005193947 0.999935091 -0.003366015 -0.000068456 0.010888679
1747986927.467992 1.502389073 2.378279686 0.005316783 0.999820590 -0.004552833 -0.000108727 0.018386168
1747986927.495340 1.502518892 2.378893375 0.005736640 0.999939799 -0.002312212 0.000311803 0.010723254
1747986927.522423 1.502792001 2.379332304 0.005770080 0.999928713 -0.000106798 0.000186415 0.011937733
1747986927.549985 1.502715826 2.379680634 0.005661511 0.999911368 0.000741921 0.000283935 0.013293501
1747986927.577503 1.502750397 2.380406141 0.005786585 0.999904692 -0.000317980 0.000291135 0.013802725
1747986927.605163 1.502835035 2.380714893 0.005763962 0.999911129 -0.001231190 0.000236938 0.013275689
1747986927.632792 1.502801061 2.380864382 0.006075571 0.999911666 -0.000911342 0.000320934 0.013258362
1747986927.660434 1.502989888 2.380400658 0.005693590 0.999901116 -0.001436376 0.000204873 0.013989592
1747986927.687028 1.503172636 2.380353451 0.005210058 0.999890804 -0.002064916 0.000043103 0.014634021
1747986927.714486 1.502998948 2.380645990 0.005665115 0.999897063 -0.002128088 0.000103773 0.014191469
1747986927.742134 1.502899766 2.381007433 0.005434342 0.999904215 -0.002407280 0.000248638 0.013629556
1747986927.769733 1.503075361 2.381221056 0.005577265 0.999906123 -0.002778703 0.000135450 0.013416603
1747986927.797184 1.503010392 2.381850243 0.005669878 0.999928355 -0.002881562 0.000307511 0.011616962
1747986927.824850 1.503210425 2.382454872 0.005505863 0.999953806 -0.002622904 0.000280281 0.009244617
1747986927.852463 1.503219843 2.383127928 0.005734507 0.999963880 -0.003061889 0.000451387 0.007921697
1747986927.880218 1.503280401 2.384137869 0.005544144 0.999976695 -0.003963020 0.000529243 0.005540377
1747986927.907966 1.503242970 2.384834051 0.005849019 0.999987841 -0.004378994 0.000727887 0.002151641
1747986927.935612 1.503200054 2.385226011 0.006101665 0.999989212 -0.004524538 0.000759964 0.000758519
1747986927.963346 1.503219128 2.386025906 0.005825384 0.999988377 -0.004472692 0.000889415 -0.001589242
1747986927.991131 1.503566027 2.386316776 0.005726098 0.999980867 -0.004536250 0.000832081 -0.004127910
1747986928.018770 1.503711343 2.387576342 0.005531845 0.999974310 -0.004221042 0.000781370 -0.005740813
1747986928.046614 1.503569961 2.388102531 0.005755547 0.999970496 -0.003560855 0.000280201 -0.006804509
1747986928.074425 1.503620863 2.388645649 0.006059919 0.999971092 -0.002952310 0.000653054 -0.006976955
1747986928.102556 1.503604531 2.389297962 0.005816061 0.999948621 -0.002823863 0.000867353 -0.009695938
1747986928.130470 1.503526926 2.389946222 0.005736485 0.999939382 -0.003148263 0.000922340 -0.010514895
1747986928.158328 1.503673673 2.390807629 0.005919576 0.999946415 -0.002970957 0.000810971 -0.009882962
1747986928.186357 1.503577948 2.391338348 0.005772728 0.999947011 -0.003222445 0.000880010 -0.009741181
1747986928.213686 1.503811598 2.392043591 0.005754409 0.999930263 -0.003277924 0.000863145 -0.011314516
1747986928.241484 1.503831983 2.392003298 0.005838391 0.999915600 -0.003544718 0.000859859 -0.012470825
1747986928.269572 1.503645658 2.392869949 0.005585999 0.999934494 -0.003583887 0.000914634 -0.010832832
1747986928.297518 1.503504872 2.393545628 0.006049893 0.999940991 -0.003605667 0.000864311 -0.010213245
1747986928.325358 1.503533244 2.393616676 0.006164783 0.999931872 -0.003697091 0.000993068 -0.011028944
1747986928.353060 1.503621101 2.394144535 0.005843015 0.999922931 -0.003631653 0.000943460 -0.011833767
1747986928.380853 1.503823876 2.395533323 0.005876384 0.999940753 -0.003180002 0.000786067 -0.010382242
1747986928.408685 1.503761530 2.396082640 0.005640542 0.999941468 -0.003296999 0.000813248 -0.010271778
1747986928.436846 1.503473878 2.396293163 0.006274581 0.999945998 -0.003172370 0.000917004 -0.009856002
1747986928.465016 1.503473043 2.398072481 0.006088713 0.999955118 -0.002749506 0.000892942 -0.009022838
1747986928.493129 1.503387690 2.398550510 0.006206587 0.999965250 -0.002793506 0.000832161 -0.007809916
1747986928.520186 1.503321409 2.398525238 0.006234977 0.999961436 -0.002959843 0.000831574 -0.008230451
1747986928.548093 1.503348947 2.398969889 0.006002329 0.999957919 -0.003054638 0.000893928 -0.008610376
1747986928.576190 1.503109574 2.399606228 0.005868917 0.999959707 -0.003023721 0.000959449 -0.008402660
1747986928.603861 1.503335834 2.400533199 0.005952263 0.999949276 -0.002990322 0.000910326 -0.009575751
1747986928.631573 1.503464937 2.401218176 0.005951913 0.999950409 -0.002840789 0.000825190 -0.009509693
1747986928.659285 1.503248096 2.402512312 0.006177083 0.999959171 -0.002631049 0.000978873 -0.008591555
1747986928.687144 1.503314257 2.403424263 0.006292229 0.999968767 -0.002736592 0.000844648 -0.007364925
1747986928.714932 1.503170848 2.403780937 0.006544740 0.999979556 -0.002989106 0.000853286 -0.005595576
1747986928.742827 1.503013730 2.404929638 0.006725117 0.999987662 -0.002914438 0.000949725 -0.003911908
1747986928.770646 1.503054619 2.406345129 0.006180601 0.999993801 -0.002881822 0.000850266 -0.001857869
1747986928.798516 1.502995014 2.407562733 0.006415734 0.999995112 -0.002882158 0.000883104 -0.000878221
1747986928.826603 1.502926230 2.408731937 0.006319434 0.999996006 -0.002710858 0.000826681 -0.000053121
1747986928.853609 1.502611399 2.409809589 0.006540196 0.999994874 -0.002915199 0.000874884 0.001020166
1747986928.881606 1.502375364 2.411330938 0.006545648 0.999994993 -0.002803539 0.000956108 0.001114019
1747986928.909426 1.502577782 2.412469387 0.006477887 0.999995291 -0.002778599 0.000896220 0.000984434
1747986928.937347 1.502613306 2.413772345 0.006706641 0.999995053 -0.002712068 0.000797429 0.001370503
1747986928.965385 1.502464056 2.414865255 0.006675375 0.999993384 -0.002832159 0.000775365 0.002159698
1747986928.993516 1.502656698 2.416013002 0.006480009 0.999994159 -0.002844237 0.000740289 0.001741965
1747986929.020597 1.502640843 2.416513443 0.006389344 0.999994695 -0.003029237 0.000788676 0.000947612
1747986929.048642 1.502782822 2.417353392 0.006377240 0.999994993 -0.003047346 0.000668319 0.000578125
1747986929.075845 1.502831697 2.418076038 0.006488685 0.999995112 -0.003019278 0.000784695 -0.000215993
1747986929.103726 1.502891064 2.418247700 0.006531277 0.999991179 -0.003096036 0.000918056 -0.002702490
1747986929.131791 1.503136516 2.419199467 0.006228486 0.999987483 -0.002984291 0.000818167 -0.003938857
1747986929.159815 1.503353238 2.419951200 0.006019216 0.999982595 -0.002954422 0.000741909 -0.005057625
1747986929.187813 1.503318667 2.419214487 0.006089108 0.999979079 -0.002811358 0.000808084 -0.005770312
1747986929.215961 1.503306508 2.419618130 0.006585914 0.999972761 -0.003081792 0.000841106 -0.006653359
1747986929.244022 1.503256321 2.420447111 0.006389836 0.999973476 -0.002892784 0.000928388 -0.006620842
1747986929.272146 1.503685474 2.421458721 0.006414345 0.999974072 -0.002921707 0.000710018 -0.006547340
1747986929.300443 1.503494620 2.422117710 0.006345889 0.999979973 -0.002880904 0.000854311 -0.005575262
1747986929.328862 1.503612518 2.422818184 0.006286912 0.999984980 -0.002978433 0.000774104 -0.004538103
1747986929.356965 1.503648281 2.423549891 0.006425994 0.999984682 -0.003131210 0.000820061 -0.004501657
1747986929.384967 1.503702760 2.424281836 0.006369655 0.999985754 -0.003209553 0.000826994 -0.004186592
1747986929.412956 1.503911734 2.425420761 0.006289834 0.999986410 -0.003152018 0.000810200 -0.004077540
1747986929.441128 1.503785133 2.425674200 0.006431500 0.999984264 -0.003475673 0.000901828 -0.004304945
1747986929.469447 1.504007220 2.427144051 0.006578058 0.999979734 -0.003344902 0.000930292 -0.005336226
1747986929.497992 1.504407048 2.428481102 0.006387676 0.999972641 -0.003287931 0.000837778 -0.006577687
1747986929.526160 1.504653692 2.430295467 0.006373950 0.999959052 -0.003203139 0.000932306 -0.008411046
1747986929.554211 1.504911184 2.431668282 0.006402734 0.999963045 -0.003118443 0.000802002 -0.007969659
1747986929.581458 1.504844546 2.432626247 0.006547951 0.999978662 -0.003480672 0.000886610 -0.005460643
1747986929.608457 1.504977226 2.434176445 0.006751282 0.999987304 -0.003411415 0.000819892 -0.003627917
1747986929.636382 1.505254269 2.436171055 0.006557411 0.999990880 -0.003223072 0.000694577 -0.002718013
1747986929.664278 1.505378008 2.437374830 0.006806498 0.999994040 -0.003378100 0.000644003 -0.000361498
1747986929.691932 1.505458832 2.439317465 0.006988693 0.999994814 -0.003082040 0.000635988 0.000680004
1747986929.718720 1.505748987 2.440599442 0.006851749 0.999994457 -0.003184083 0.000567104 -0.000854208
1747986929.746503 1.505751133 2.442147255 0.006837530 0.999994218 -0.003174347 0.000571205 -0.001077275
1747986929.774308 1.505585432 2.443744659 0.007132150 0.999994636 -0.003108318 0.000686563 -0.000780398
1747986929.802223 1.505760312 2.444473743 0.006731138 0.999994159 -0.003286112 0.000465381 0.000846836
1747986929.829324 1.505706549 2.445920229 0.006861647 0.999993742 -0.003185380 0.000469090 0.001490221
1747986929.858354 1.505637288 2.447190762 0.007023999 0.999993980 -0.003211678 0.000478784 0.001241826
1747986929.885401 1.505590439 2.448400974 0.006908644 0.999993742 -0.003323470 0.000457061 0.001113255
1747986929.913306 1.505875587 2.449760199 0.006901551 0.999994874 -0.003100551 0.000294378 0.000741517
1747986929.941219 1.505576134 2.450453997 0.007035547 0.999993205 -0.003137448 0.000543118 -0.001857594
1747986929.969647 1.505757451 2.451539040 0.006674042 0.999987960 -0.003037606 0.000512798 -0.003832861
1747986929.997336 1.505765557 2.452192068 0.006491758 0.999991357 -0.002929006 0.000391870 -0.002923748
1747986930.025037 1.505590796 2.453085423 0.006740097 0.999990702 -0.002720795 0.000472118 -0.003306382
1747986930.052567 1.505760431 2.454365969 0.006549818 0.999986529 -0.002391161 0.000475512 -0.004579826
1747986930.080029 1.505699873 2.454851866 0.006408474 0.999979496 -0.002286160 0.000591815 -0.005955775
1747986930.107415 1.505659461 2.454806328 0.006651015 0.999982655 -0.002465602 0.000513382 -0.005326186
1747986930.135251 1.505804300 2.455008268 0.007104144 0.999995768 -0.002564852 0.000336901 -0.001349491
1747986930.161942 1.505600452 2.455479383 0.006529646 0.999997020 -0.002389435 0.000517880 -0.000195822
1747986930.188782 1.505442262 2.455437183 0.006595744 0.999997616 -0.002117656 0.000547939 -0.000199214
1747986930.216458 1.505582809 2.456227303 0.006498828 0.999997258 -0.002247182 0.000439598 -0.000497242
1747986930.244290 1.505361080 2.455887318 0.006690153 0.999994934 -0.002471000 0.000449269 0.001954715
1747986930.271806 1.505299687 2.456124783 0.007042910 0.999991894 -0.002511264 0.000467532 0.003111498
1747986930.299394 1.505163193 2.457508564 0.006938921 0.999995291 -0.001898176 0.000530660 0.002359859
1747986930.327065 1.505567908 2.457717419 0.006700789 0.999995708 -0.001818886 0.000236254 0.002287654
1747986930.354616 1.505244493 2.457472086 0.006994252 0.999996781 -0.001902175 0.000482782 0.001612706
1747986930.382169 1.505422115 2.457628727 0.006878783 0.999985695 -0.001895029 0.000558949 -0.004975372
1747986930.410055 1.505610466 2.457932234 0.007253517 0.999919593 -0.001813608 0.000670259 -0.012535227
1747986930.436879 1.505765557 2.458511353 0.007127652 0.999860227 -0.001559653 0.000662077 -0.016634237
1747986930.464773 1.505508780 2.457998991 0.007271453 0.999863386 -0.001834227 0.000771443 -0.016409785
1747986930.492483 1.505529642 2.457884312 0.007393165 0.999863803 -0.001849694 0.000798281 -0.016380122
1747986930.520622 1.505714178 2.457997322 0.007269444 0.999862313 -0.001706561 0.000659917 -0.016493412
1747986930.548773 1.505475998 2.457405090 0.007165514 0.999858856 -0.002053484 0.000778711 -0.016656751
1747986930.576816 1.505657315 2.457515478 0.007086822 0.999853551 -0.002058121 0.000692024 -0.016978564
1747986930.604795 1.505458593 2.457542419 0.006785293 0.999856293 -0.002120682 0.000805949 -0.016802039
1747986930.633110 1.505473852 2.457526207 0.006974214 0.999867141 -0.002201910 0.000768744 -0.016132800
1747986930.661110 1.505557299 2.457927465 0.007392289 0.999879301 -0.001999112 0.000702942 -0.015391815
1747986930.689076 1.505447984 2.457519770 0.006981802 0.999886215 -0.002252344 0.000696259 -0.014900510
1747986930.717093 1.505540609 2.457576036 0.007039025 0.999885619 -0.002209308 0.000625488 -0.014948258
1747986930.744969 1.505543828 2.457817793 0.007089870 0.999893963 -0.002116680 0.000611380 -0.014395571
1747986930.773126 1.505389929 2.458071947 0.006651438 0.999890685 -0.001995491 0.000705757 -0.014636958
1747986930.801030 1.505263448 2.457734346 0.007071645 0.999884844 -0.002216480 0.000710777 -0.014997888
1747986930.828878 1.505288601 2.458194733 0.006829960 0.999889433 -0.001941965 0.000707889 -0.014728740
1747986930.855998 1.505020380 2.458079815 0.006900526 0.999903798 -0.002033048 0.000798455 -0.013696761
1747986930.884003 1.505081177 2.458187103 0.007029618 0.999918640 -0.001918863 0.000796072 -0.012588288
1747986930.912169 1.505079031 2.458288908 0.006859406 0.999936938 -0.001701861 0.000736211 -0.011075286
1747986930.939744 1.504922271 2.457870722 0.006796306 0.999959230 -0.000511408 0.000689499 -0.008992373
1747986930.967536 1.505029082 2.457939148 0.006788005 0.999962032 0.002487233 0.000512949 -0.008336263
1747986930.995517 1.505063891 2.457968473 0.006565266 0.999954879 0.003468970 0.000561101 -0.008825417
1747986931.023290 1.505128741 2.457664728 0.006756571 0.999937773 -0.000148366 0.000572929 -0.011142222
1747986931.051435 1.505198240 2.457706928 0.006772271 0.999920309 -0.002421003 0.000576290 -0.012377265
1747986931.079241 1.505039454 2.457597017 0.007045398 0.999893308 -0.002506271 0.000687761 -0.014377519
1747986931.107217 1.504969358 2.457625866 0.006976991 0.999865651 -0.002491680 0.000773453 -0.016185438
1747986931.134485 1.505218148 2.458169222 0.006956355 0.999842942 -0.002076554 0.000631351 -0.017591057
1747986931.162477 1.505187154 2.457828283 0.007244213 0.999839127 -0.000130389 0.000586474 -0.017927485
1747986931.190427 1.505219340 2.457867146 0.006757764 0.999818683 0.002557557 0.000509920 -0.018862387
1747986931.218735 1.505203962 2.457693577 0.006774836 0.999752283 0.005095180 0.000609333 -0.021658421
1747986931.247124 1.505249739 2.457620859 0.006858882 0.999690473 0.006748095 0.000555866 -0.023939047
1747986931.274485 1.505313516 2.457861662 0.006928286 0.999653518 0.006070519 0.000655998 -0.025605787
1747986931.301822 1.505515695 2.457542419 0.006862669 0.999637544 0.004630523 0.000590232 -0.026515167
1747986931.330229 1.505503893 2.457555532 0.007116950 0.999605119 0.003640653 0.000650243 -0.027855402
1747986931.358427 1.505711555 2.457462788 0.006677036 0.999551117 0.004100664 0.000614884 -0.029673213
1747986931.386478 1.505801678 2.457339048 0.006870667 0.999516606 0.005885261 0.000516164 -0.030524287
1747986931.414611 1.505741596 2.457284689 0.006805156 0.999507904 0.006551926 0.000624744 -0.030669607
1747986931.442809 1.505873561 2.457114458 0.006713408 0.999517441 0.005197222 0.000558860 -0.030619666
1747986931.470167 1.505879879 2.457161665 0.006708229 0.999534607 0.002053964 0.000666783 -0.030429140
1747986931.498424 1.505868554 2.457378149 0.006888619 0.999550879 -0.000802991 0.000831733 -0.029944638
1747986931.526810 1.506229401 2.457680225 0.006818650 0.999577224 -0.001804430 0.000686813 -0.029011765
1747986931.554113 1.506289124 2.457516432 0.006940800 0.999614596 -0.001546349 0.000737036 -0.027708270
1747986931.582077 1.506387949 2.457413912 0.007159135 0.999636054 0.000687354 0.000717680 -0.026959777
1747986931.610038 1.506143808 2.457660913 0.006941503 0.999621212 0.003433171 0.000927098 -0.027292922
1747986931.637159 1.506875753 2.457233906 0.007084317 0.999605954 0.003877417 0.000771616 -0.027790843
1747986931.665479 1.507564187 2.457569361 0.006747198 0.999648988 -0.000374548 0.000744867 -0.026481884
1747986931.693573 1.507669687 2.457603931 0.007202875 0.999705613 -0.002039239 0.001353305 -0.024140276
1747986931.721727 1.508816481 2.457409382 0.006767647 0.999749064 -0.000011556 0.000753861 -0.022389708
1747986931.749779 1.510135531 2.457269907 0.006669281 0.999756932 -0.001317165 0.001170379 -0.021977970
1747986931.778021 1.510897875 2.456924677 0.007287050 0.999790609 -0.000811336 0.001257726 -0.020408986
1747986931.806083 1.511865377 2.457147360 0.007235438 0.999833941 -0.000778941 0.001482498 -0.018147983
1747986931.834127 1.512607574 2.457340002 0.006904028 0.999854624 -0.001586872 0.001686264 -0.016893657
1747986931.862124 1.513218164 2.457403660 0.006745667 0.999861360 -0.001919419 0.002062625 -0.016412485
1747986931.889175 1.513963342 2.457502127 0.007079467 0.999882340 -0.002167465 0.002147657 -0.015034119
1747986931.916656 1.514388680 2.457742691 0.006951995 0.999901116 -0.002225452 0.002180631 -0.013713436
1747986931.944281 1.514409900 2.457719803 0.007183848 0.999913931 -0.001946234 0.002354528 -0.012761920
1747986931.971773 1.515547037 2.457710028 0.006647601 0.999912381 -0.001210960 0.001957055 -0.013038862
1747986931.999287 1.515286565 2.457684517 0.007110102 0.999912202 -0.000948340 0.002189586 -0.013038211
1747986932.026901 1.515595675 2.457672119 0.007124562 0.999926329 -0.001504358 0.002137220 -0.011853021
1747986932.054485 1.516005158 2.457717896 0.007461355 0.999940872 -0.001510464 0.002043290 -0.010574250
1747986932.082186 1.516567111 2.457763433 0.006920510 0.999955118 -0.001604456 0.001935916 -0.009134751
1747986932.109636 1.516894698 2.457574844 0.007060311 0.999957800 -0.001585113 0.002213382 -0.008778480
1747986932.137277 1.518100142 2.457488537 0.007169678 0.999925792 -0.000574011 0.001912733 -0.012021408
1747986932.164785 1.518906713 2.457618713 0.006758388 0.999906540 0.000228707 0.000952742 -0.013638837
1747986932.192382 1.519822836 2.458010435 0.007130515 0.999891162 -0.000553239 0.000867174 -0.014717930
1747986932.219051 1.520303488 2.458051443 0.007503392 0.999892890 -0.001688229 0.001010472 -0.014502658
1747986932.246540 1.520701766 2.458013535 0.007078828 0.999902785 -0.001899495 0.000994669 -0.013779914
1747986932.274273 1.521201253 2.457917690 0.007180381 0.999911249 -0.001618379 0.001009451 -0.013188724
1747986932.301930 1.521668196 2.457857132 0.007058070 0.999920845 -0.001642035 0.001019900 -0.012436698
1747986932.329686 1.522157192 2.457615852 0.006741621 0.999928057 -0.001873172 0.001062894 -0.011800919
1747986932.357434 1.523105621 2.457691431 0.006898678 0.999930680 -0.001981675 0.001118443 -0.011552335
1747986932.385261 1.524249434 2.457632542 0.006870824 0.999930143 -0.002055074 0.001050802 -0.011593524
1747986932.412682 1.525394082 2.457572460 0.007229780 0.999905169 -0.002225659 0.001002900 -0.013553910
1747986932.440235 1.527021646 2.458294868 0.007109211 0.999848485 -0.001965474 0.000995242 -0.017268205
1747986932.467662 1.527980566 2.458183765 0.007506127 0.999812663 -0.001950673 0.001005695 -0.019231265
1747986932.495032 1.528332829 2.458100319 0.007419542 0.999804378 -0.002091896 0.001130831 -0.019637158
1747986932.522577 1.528444529 2.458026409 0.007091073 0.999819756 -0.002215586 0.001247657 -0.018813368
1747986932.550174 1.528726578 2.457873821 0.007282493 0.999818444 -0.002164949 0.001145575 -0.018897124
1747986932.577743 1.529007912 2.458016396 0.007230180 0.999813259 -0.002130446 0.001095384 -0.019177537
1747986932.605242 1.529718280 2.457967997 0.007216914 0.999813616 -0.002213908 0.000927588 -0.019157842
1747986932.632933 1.529295564 2.458137274 0.007299250 0.999832213 -0.002015851 0.001225679 -0.018167123
1747986932.659791 1.529820800 2.457936764 0.007087245 0.999837875 -0.002153719 0.001106360 -0.017844111
1747986932.687330 1.530152678 2.457638979 0.007568135 0.999820828 -0.002292592 0.001327343 -0.018743301
1747986932.714809 1.531419158 2.457254648 0.007624046 0.999803185 -0.002370477 0.001129445 -0.019666839
1747986932.742278 1.531971574 2.457117796 0.007688544 0.999813855 -0.002152801 0.001229246 -0.019134518
1747986932.769948 1.532735229 2.457135201 0.007627745 0.999821484 -0.001947821 0.001242450 -0.018753335
1747986932.797628 1.533649564 2.457368135 0.007352906 0.999808371 -0.002025973 0.001190233 -0.019435164
1747986932.825347 1.534294009 2.456537008 0.007197254 0.999813676 -0.002574558 0.001209033 -0.019092115
1747986932.852824 1.534467936 2.456290007 0.006998973 0.999839962 -0.002861759 0.001428644 -0.017604558
1747986932.880549 1.535169005 2.456478596 0.007479093 0.999867797 -0.002775437 0.001337960 -0.015965845
1747986932.908283 1.535615206 2.456758022 0.007299806 0.999878585 -0.002595959 0.001443415 -0.015296456
1747986932.935941 1.536810517 2.456032515 0.007297596 0.999886394 -0.002951200 0.001200264 -0.014733032
1747986932.963023 1.537472010 2.456218958 0.007174555 0.999887884 -0.002806102 0.001266708 -0.014656059
1747986932.990708 1.537772179 2.455777168 0.007047063 0.999894083 -0.003034984 0.001380131 -0.014168321
1747986933.018425 1.538700819 2.456243992 0.007106243 0.999909639 -0.002808621 0.001263885 -0.013086911
1747986933.046226 1.539479971 2.455874443 0.007125704 0.999909937 -0.002834011 0.001322449 -0.013052229
1747986933.073950 1.540739059 2.456455231 0.007116900 0.999920547 -0.002516628 0.001159087 -0.012295717
1747986933.101703 1.541938782 2.456295490 0.007230849 0.999932289 -0.002605968 0.001229273 -0.011279459
1747986933.129385 1.543726444 2.455551863 0.007341643 0.999928117 -0.002966576 0.001203669 -0.011557257
1747986933.156943 1.544864774 2.455342293 0.007404249 0.999923766 -0.003094085 0.001535536 -0.011854142
1747986933.184504 1.547389388 2.454414845 0.007476727 0.999923050 -0.003249521 0.001376166 -0.011893320
1747986933.211982 1.550212860 2.453948021 0.007003190 0.999900818 -0.003439335 0.001380387 -0.013590738
1747986933.239463 1.552550435 2.453535795 0.007111841 0.999875069 -0.003310462 0.001456026 -0.015386298
1747986933.267034 1.555574536 2.452874184 0.007254360 0.999855638 -0.003102582 0.001526181 -0.016636103
1747986933.294556 1.558172584 2.452552080 0.007030602 0.999861479 -0.003048373 0.001503051 -0.016294308
1747986933.322013 1.559742689 2.452131748 0.007295999 0.999877989 -0.003084359 0.001547814 -0.015235987
1747986933.349593 1.562003732 2.451943636 0.007522041 0.999882519 -0.003054029 0.001546672 -0.014942893
1747986933.377070 1.563601971 2.451978207 0.007412867 0.999896467 -0.003170504 0.001561691 -0.013951732
1747986933.404500 1.564798832 2.451851606 0.007180823 0.999903917 -0.003221012 0.001502875 -0.013399027
1747986933.431938 1.565397739 2.451391459 0.007491532 0.999914348 -0.003387137 0.001794679 -0.012513619
1747986933.459547 1.566616416 2.451406717 0.007563025 0.999928772 -0.003541763 0.001668582 -0.011275405
1747986933.486241 1.567955732 2.452035427 0.007061817 0.999928534 -0.003221707 0.001351791 -0.011432625
1747986933.513829 1.568443537 2.452202082 0.007134006 0.999931395 -0.003292456 0.001557622 -0.011136096
1747986933.541656 1.569360256 2.452589989 0.007114574 0.999946713 -0.003067168 0.001226284 -0.009785573
1747986933.569420 1.569950700 2.452484846 0.007224446 0.999964774 -0.003124114 0.001278317 -0.007686559
1747986933.597078 1.570546150 2.452572823 0.007146355 0.999967515 -0.003203632 0.001418963 -0.007256763
1747986933.624823 1.571299791 2.452924490 0.006853263 0.999969006 -0.003096778 0.001363000 -0.007114371
1747986933.652527 1.571670771 2.452780724 0.007565067 0.999969900 -0.003173691 0.001455423 -0.006930483
1747986933.680152 1.572194099 2.452975273 0.007384115 0.999970675 -0.003145288 0.001428203 -0.006840145
1747986933.708261 1.573020101 2.453224421 0.007051474 0.999967039 -0.003091074 0.001285256 -0.007401859
1747986933.736185 1.573109031 2.453272581 0.007236146 0.999971032 -0.003091623 0.001351798 -0.006821663
1747986933.763386 1.573886633 2.452900648 0.006918614 0.999973953 -0.003287335 0.001102348 -0.006330650
1747986933.791214 1.573953509 2.453132153 0.006905534 0.999976873 -0.003122555 0.001261474 -0.005912999
1747986933.818923 1.574296713 2.453053951 0.006569415 0.999974787 -0.003238208 0.001216814 -0.006200820
1747986933.846677 1.574470878 2.453144073 0.007129410 0.999974608 -0.003066991 0.001301719 -0.006302089
1747986933.874744 1.575042605 2.452940464 0.007161402 0.999974787 -0.002654386 0.001232920 -0.006472107
1747986933.904687 1.575147390 2.453556299 0.007177732 0.999979019 -0.001722754 0.001349552 -0.006098392
1747986933.932524 1.575665951 2.453815937 0.007109300 0.999983788 -0.001661471 0.001211603 -0.005315964
1747986933.960172 1.575348020 2.452822685 0.007328601 0.999982774 -0.002445749 0.001447571 -0.005143036
1747986933.986864 1.575192571 2.452847958 0.007206158 0.999977171 -0.004104959 0.001461100 -0.005161808
1747986934.014784 1.575199008 2.453017235 0.007312059 0.999976218 -0.004187665 0.001465770 -0.005280301
1747986934.041863 1.575415492 2.453111172 0.007377888 0.999976337 -0.004117156 0.001377405 -0.005335566
1747986934.069872 1.575372100 2.453143358 0.007316385 0.999977469 -0.003965608 0.001410935 -0.005236138
1747986934.097642 1.575864792 2.453631401 0.007331764 0.999979973 -0.003286087 0.001133006 -0.005284346
1747986934.125389 1.575695038 2.453212738 0.007510515 0.999984026 -0.001888982 0.001266418 -0.005177381
1747986934.152296 1.576086879 2.453424931 0.007245922 0.999986291 0.000988050 0.001026483 -0.005035348
1747986934.180030 1.575906992 2.453352451 0.007274007 0.999990642 0.002378639 -0.001488625 -0.003303373
1747986934.207412 1.575868607 2.452934027 0.007764181 0.999953985 0.001830883 -0.008313296 -0.004428725
1747986934.235086 1.577144742 2.452859879 0.007570688 0.999931812 0.002165517 -0.005898836 -0.009844457
1747986934.262849 1.577805877 2.452364922 0.007687028 0.999910474 0.003841096 -0.006832416 -0.010849676
1747986934.290543 1.577351570 2.452373743 0.007532950 0.999903738 0.004017591 -0.008911056 -0.009852266
1747986934.317533 1.577544451 2.452429295 0.007263690 0.999950409 0.000760300 -0.003808524 -0.009172582
1747986934.345391 1.578508615 2.453236580 0.007185235 0.999938905 -0.004813652 -0.000427275 -0.009945089
1747986934.372516 1.577935338 2.452655554 0.007300982 0.999956965 -0.004817751 -0.000102472 -0.007930398
1747986934.400553 1.578885198 2.452826023 0.007300513 0.999959111 -0.003490251 -0.000297215 -0.008341641
1747986934.428502 1.579114079 2.453060627 0.007481440 0.999954402 -0.002791221 -0.000153307 -0.009131084
1747986934.456427 1.579102755 2.453258276 0.007139104 0.999953151 -0.002685716 -0.000052317 -0.009303825
1747986934.484351 1.579223633 2.453165770 0.007268622 0.999947786 -0.002668781 0.000067696 -0.009866582
1747986934.512261 1.579201579 2.453392029 0.006839388 0.999942064 -0.002932723 0.000251344 -0.010354663
1747986934.540247 1.579517365 2.453018665 0.007396610 0.999939620 -0.002891495 0.000205483 -0.010601728
1747986934.567316 1.579582334 2.453039169 0.007348570 0.999938428 -0.002510570 0.000242167 -0.010808303
1747986934.595160 1.579557896 2.452967882 0.007426098 0.999936581 -0.002215507 0.000404901 -0.011034365
1747986934.622401 1.579639792 2.453098297 0.007054831 0.999929667 -0.002068141 0.000499564 -0.011669798
1747986934.650471 1.579998732 2.452873945 0.006685789 0.999918640 -0.002345093 0.000721187 -0.012520652
1747986934.678624 1.581479073 2.453403950 0.007167146 0.999906421 -0.001760281 0.000510893 -0.013560102
1747986934.705815 1.582298994 2.453250885 0.007170828 0.999916911 -0.001223584 0.000531958 -0.012821516
1747986934.733596 1.582720637 2.453018188 0.007189406 0.999938369 -0.000780568 0.000682027 -0.011053635
1747986934.761477 1.584133267 2.453194857 0.007253616 0.999949634 0.000582145 0.000889003 -0.009984267
1747986934.789343 1.584874153 2.451997995 0.007215348 0.999950290 0.001762100 0.001462971 -0.009706184
1747986934.817296 1.586722016 2.451762676 0.006951032 0.999946177 0.002487005 0.001221166 -0.010002936
1747986934.845667 1.587377667 2.451714754 0.007005311 0.999941885 0.002682116 0.001572767 -0.010321727
1747986934.873065 1.589223742 2.451605797 0.007135520 0.999955595 0.002140734 0.001227726 -0.009095732
1747986934.900034 1.589675188 2.451516151 0.007157722 0.999972761 0.001135087 0.001441889 -0.007151919
1747986934.928190 1.591067791 2.451659918 0.006929769 0.999975502 0.000026444 0.001415374 -0.006853401
1747986934.957532 1.592516422 2.451303005 0.006720975 0.999974668 -0.000688147 0.001378865 -0.006950583
1747986934.985401 1.593907952 2.451185465 0.006759568 0.999971449 -0.000766153 0.001798100 -0.007300769
1747986935.013131 1.594766617 2.451504946 0.006587862 0.999977469 -0.001153962 0.002154442 -0.006251829
1747986935.040929 1.595747709 2.451318979 0.006575254 0.999980688 -0.001123325 0.002307779 -0.005661243
1747986935.067579 1.596839190 2.451336622 0.007001726 0.999989271 -0.000564423 0.002436812 -0.003896574
1747986935.095279 1.597399354 2.451466560 0.006942787 0.999994159 -0.000948219 0.002724300 -0.001834000
1747986935.122895 1.598936081 2.451255560 0.006974268 0.999995172 -0.001657811 0.002613344 -0.000348827
1747986935.150565 1.599606395 2.451142788 0.006853323 0.999996066 -0.000569560 0.002750491 -0.000189096
1747986935.178438 1.600589514 2.451132059 0.007323998 0.999996066 -0.000881977 0.002618366 0.000468051
1747986935.206143 1.601068735 2.451113939 0.006919508 0.999991000 -0.001525580 0.002474463 0.003086559
1747986935.233957 1.601615310 2.451887846 0.006982150 0.999974191 -0.001003418 0.002378787 0.006710707
1747986935.261801 1.602816582 2.451920509 0.006794801 0.999970317 -0.001407415 0.001281734 0.007462811
1747986935.289411 1.603425503 2.451785326 0.006930040 0.999979377 -0.003116659 0.001577180 0.005392416
1747986935.317200 1.605147123 2.452324152 0.006667611 0.999989688 -0.003891695 0.001546173 0.001765455
1747986935.345163 1.606639981 2.451989651 0.006548591 0.999992847 -0.003433038 0.001445890 -0.000674492
1747986935.372829 1.607091546 2.452021837 0.006627335 0.999993801 -0.003075504 0.001637834 -0.000496689
1747986935.400712 1.607815027 2.451929569 0.006938507 0.999994934 -0.002744680 0.001533473 0.000508955
1747986935.428695 1.608273029 2.452125549 0.007114834 0.999993622 -0.002898292 0.001515888 0.001415368
1747986935.455898 1.609177351 2.452412367 0.007029363 0.999992549 -0.003007966 0.001282175 0.002049745
1747986935.483775 1.609682083 2.452517271 0.006945096 0.999990582 -0.002943668 0.001482602 0.002834311
1747986935.511575 1.610353231 2.452892303 0.006796448 0.999986291 -0.002943634 0.001558929 0.004042150
1747986935.539199 1.612337112 2.452989101 0.007238643 0.999990106 -0.002844098 0.001187385 0.003216906
1747986935.566978 1.613504767 2.453095198 0.006871190 0.999995351 -0.002059327 0.001256618 0.001870868
1747986935.594741 1.614430785 2.453209400 0.006764538 0.999996364 -0.001273330 0.001447074 0.001896172
1747986935.622616 1.615626335 2.453262568 0.006924642 0.999992549 -0.001970224 0.001359617 0.003031770
1747986935.650324 1.616686225 2.453386784 0.007096055 0.999988794 -0.002443010 0.001134584 0.003891855
1747986935.678596 1.617845297 2.453640223 0.007102459 0.999991417 -0.002338829 0.001183547 0.003207101
1747986935.705735 1.618900776 2.454364777 0.007041092 0.999993861 -0.001799046 0.001130807 0.002788008
1747986935.733740 1.619824529 2.453865290 0.006721082 0.999995768 -0.001837475 0.001239471 0.001896766
1747986935.760693 1.620508909 2.454188585 0.006750024 0.999996006 -0.001502723 0.001288756 0.002022425
1747986935.788624 1.621205449 2.454200983 0.006941145 0.999992073 -0.000875778 0.001277571 0.003672897
1747986935.816615 1.621703386 2.454449415 0.007053383 0.999980748 -0.000362006 0.001322719 0.006053650
1747986935.844694 1.622457027 2.454522848 0.006854069 0.999979377 -0.000440462 0.001293844 0.006282300
1747986935.871839 1.623453379 2.454658508 0.006889335 0.999979854 -0.000260168 0.001244457 0.006219378
1747986935.899963 1.624556661 2.454564333 0.006995547 0.999983370 0.000686914 0.001158733 0.005605652
1747986935.927706 1.625263453 2.454261780 0.006698077 0.999984980 0.001268236 0.001271713 0.005183581
1747986935.955736 1.626391530 2.454321384 0.007130160 0.999985218 0.002275865 0.001208033 0.004795264
1747986935.983582 1.627446175 2.455094099 0.006883294 0.999984026 0.003487264 0.001128124 0.004310586
1747986936.011538 1.628164530 2.455059528 0.006995399 0.999987960 0.003883413 0.001194310 0.002755916
1747986936.039535 1.628630757 2.455133915 0.006783224 0.999989152 0.004203544 0.001399460 0.001448450
1747986936.067382 1.629506707 2.456049919 0.006856482 0.999987006 0.004811834 0.001345546 0.001037068
1747986936.094898 1.629754424 2.456205130 0.006400602 0.999986172 0.004927846 0.001679308 0.000737406
1747986936.122965 1.631037593 2.456818104 0.006902559 0.999982595 0.005715814 0.001457438 -0.000214343
1747986936.150779 1.632347822 2.456156731 0.006895758 0.999976218 0.006599770 0.001178562 -0.001621403
1747986936.178696 1.632619500 2.456145763 0.006947877 0.999967158 0.007555901 0.001327419 -0.002615124
1747986936.206663 1.633173227 2.455574751 0.007093720 0.999960601 0.008149188 0.001299130 -0.003280733
1747986936.234694 1.633517027 2.455772877 0.007037610 0.999953449 0.008568275 0.001370165 -0.004223424
1747986936.262838 1.634339213 2.455414534 0.007010729 0.999944925 0.007904771 0.001353687 -0.006768292
1747986936.289929 1.634636283 2.455458641 0.006985458 0.999938190 0.007870546 0.001471781 -0.007718584
1747986936.316807 1.634647369 2.455524206 0.006607918 0.999940813 0.007890145 0.001680335 -0.007300119
1747986936.344533 1.635625601 2.455884695 0.007126703 0.999930382 0.008545532 0.001419391 -0.008011083
1747986936.372445 1.635782719 2.455708742 0.006962374 0.999930918 0.008797145 0.001511917 -0.007652723
1747986936.400402 1.636077881 2.455290318 0.007043536 0.999944329 0.008003592 0.001488420 -0.006713036
1747986936.428514 1.636485457 2.455444574 0.006838029 0.999959648 0.007203404 0.001455772 -0.005168668
1747986936.455816 1.636639833 2.455223083 0.006656728 0.999961615 0.007639580 0.001603431 -0.003983295
1747986936.484049 1.637543082 2.454914808 0.006927518 0.999959946 0.008407929 0.001486148 -0.002681112
1747986936.511939 1.638318181 2.454548836 0.006888769 0.999961019 0.008390314 0.001431332 -0.002367024
1747986936.538873 1.639207363 2.454033136 0.006763058 0.999956131 0.008439447 0.001640333 -0.003723132
1747986936.566776 1.640544653 2.454069376 0.006983397 0.999941409 0.009238565 0.001565957 -0.005419801
1747986936.594662 1.641352534 2.453176737 0.006891591 0.999935865 0.009250676 0.001641556 -0.006331784
1747986936.621597 1.641925097 2.453327894 0.006553246 0.999936163 0.009251638 0.001702470 -0.006256633
1747986936.649502 1.642076969 2.453426123 0.006741385 0.999947488 0.008089694 0.001891367 -0.006005521
1747986936.677482 1.642308354 2.453722715 0.006569878 0.999959409 0.007002885 0.001911183 -0.005346553
1747986936.705198 1.642328262 2.453765154 0.006670768 0.999969959 0.006343857 0.002083523 -0.003932454
1747986936.732924 1.642708302 2.453921795 0.006620378 0.999969006 0.007071935 0.001947016 -0.002869786
1747986936.760976 1.643040895 2.453865767 0.006793827 0.999967992 0.007710288 0.001866654 -0.001083936
1747986936.788038 1.643704653 2.453534126 0.006776475 0.999964237 0.008251727 0.001704594 0.000762229
1747986936.815833 1.644596815 2.453941107 0.006721582 0.999956906 0.008685505 0.001614698 0.002861855
1747986936.842956 1.645185709 2.453840494 0.006741237 0.999951899 0.008823932 0.001600255 0.003971200
1747986936.870756 1.646056533 2.453572989 0.006894250 0.999944508 0.009305174 0.001594457 0.004672277
1747986936.898579 1.646655917 2.452695608 0.006623990 0.999942064 0.009547770 0.001701492 0.004675437
1747986936.926405 1.647570133 2.452916145 0.006946117 0.999943674 0.009655773 0.001570194 0.004125059
1747986936.953285 1.647811413 2.453230143 0.006731685 0.999953866 0.009073626 0.001605571 0.002716139
1747986936.980855 1.648342967 2.452791214 0.006775704 0.999964476 0.008219093 0.001631028 0.000888085
1747986937.008660 1.648321867 2.452876568 0.006861609 0.999965370 0.007997615 0.001769304 0.001465187
1747986937.036322 1.648575544 2.452993155 0.006714851 0.999959469 0.008548069 0.001731243 0.002235958
1747986937.064064 1.648674250 2.452706814 0.006677966 0.999953806 0.009344806 0.001808419 0.001331105
1747986937.091758 1.648944736 2.452523470 0.006792278 0.999945879 0.010201599 0.001841499 -0.000863758
1747986937.119511 1.649893641 2.453041077 0.006882676 0.999920547 0.011526178 0.001731036 -0.004801813
1747986937.147381 1.650709271 2.452645302 0.006666685 0.999890625 0.012068899 0.001696909 -0.008379990
1747986937.175361 1.651871443 2.452365875 0.006996986 0.999854863 0.012334988 0.001485860 -0.011660625
1747986937.203442 1.652118683 2.452362776 0.006766522 0.999820292 0.012871939 0.001663874 -0.013818323
1747986937.231455 1.652765512 2.452657461 0.006868075 0.999813020 0.013371038 0.001628903 -0.013874824
1747986937.259248 1.653291821 2.452372313 0.006560482 0.999801993 0.012783063 0.001585276 -0.015166828
1747986937.287351 1.654231668 2.452629566 0.007030412 0.999742329 0.012467872 0.001429189 -0.018916681
1747986937.315095 1.654453635 2.452754974 0.006616585 0.999711215 0.012581973 0.001501583 -0.020420624
1747986937.343249 1.654695988 2.453334570 0.006949781 0.999682546 0.013678374 0.001620151 -0.021097990
1747986937.370408 1.654838920 2.453421831 0.006577198 0.999664366 0.014279828 0.001711448 -0.021547945
1747986937.398380 1.654840350 2.453420877 0.006654757 0.999653220 0.014309171 0.001843108 -0.022031046
1747986937.426492 1.655088663 2.453439236 0.006866655 0.999619067 0.013921193 0.002044207 -0.023743941
1747986937.453692 1.655189514 2.453479290 0.006652379 0.999576449 0.013189947 0.002271645 -0.025841704
1747986937.481636 1.655116558 2.453414679 0.006823303 0.999564707 0.012570630 0.002504056 -0.026574526
1747986937.509532 1.655224442 2.453482628 0.006607049 0.999551296 0.012021412 0.002752296 -0.027297871
1747986937.537832 1.656905651 2.454085588 0.006623899 0.999436319 0.012830934 0.002162027 -0.030948035
1747986937.565972 1.658442974 2.453197241 0.007080025 0.999345601 0.013471019 0.001618263 -0.033531711
1747986937.594115 1.659246445 2.453073740 0.007025061 0.999323785 0.013981919 0.001417661 -0.033978011
1747986937.622483 1.659896016 2.452956200 0.007152943 0.999293864 0.014345491 0.001418717 -0.034698740
1747986937.649697 1.660451293 2.452585697 0.007302823 0.999277711 0.014535345 0.001314242 -0.035086457
1747986937.677945 1.660598755 2.452725649 0.007123288 0.999270260 0.015182387 0.001406522 -0.035022158
1747986937.705985 1.660995483 2.452890396 0.007439931 0.999251664 0.015463187 0.001393020 -0.035427779
1747986937.734146 1.661374807 2.452505589 0.007231794 0.999240577 0.015285947 0.001375839 -0.035814773
1747986937.762182 1.661609888 2.452665567 0.006574418 0.999290347 0.015344790 0.001580405 -0.034364838
1747986937.790302 1.662829280 2.451861858 0.007565791 0.999347746 0.015902845 0.001246676 -0.032397784
1747986937.819148 1.663595676 2.451659203 0.007550890 0.999324679 0.017484630 0.001093368 -0.032299478
1747986937.847314 1.664047837 2.451683044 0.007006144 0.999349535 0.018683491 0.000176548 -0.030844405
1747986937.875572 1.665064573 2.451526880 0.007083102 0.999337912 0.019033322 -0.000025832 -0.031008644
1747986937.903889 1.665684462 2.451450109 0.007396088 0.999315023 0.020003892 0.000084957 -0.031134589
1747986937.931363 1.665918469 2.451154470 0.006740594 0.999367535 0.019496668 0.000240099 -0.029739056
1747986937.959419 1.666455746 2.451524258 0.006969875 0.999407589 0.017620144 0.000238263 -0.029563833
1747986937.987481 1.666749835 2.451790810 0.006605208 0.999473929 0.015154511 0.000398964 -0.028670542
1747986938.015507 1.667731762 2.451911926 0.006814948 0.999597609 0.013656761 0.000199720 -0.024861190
1747986938.043590 1.668483377 2.451861858 0.007269682 0.999750137 0.012006309 0.000274329 -0.018854361
1747986938.071627 1.668899536 2.451321125 0.007055494 0.999767780 0.011665142 0.000616551 -0.018111480
1747986938.099474 1.669664145 2.451020241 0.007414058 0.999734581 0.013432871 0.000715041 -0.018703286
1747986938.127623 1.670467615 2.451317549 0.007058626 0.999749959 0.013787702 0.000772688 -0.017589036
1747986938.158208 1.671158075 2.451230526 0.007438734 0.999756396 0.013080351 0.000986889 -0.017753221
1747986938.185477 1.671648860 2.451007605 0.007185759 0.999777019 0.013375946 0.001276706 -0.016292976
1747986938.213466 1.671993613 2.450627327 0.007136432 0.999830604 0.013103471 0.001409330 -0.012853184
1747986938.240170 1.672533274 2.450392008 0.006766998 0.999875128 0.012536418 0.001537322 -0.009500799
1747986938.268103 1.673381805 2.450318098 0.007133996 0.999877632 0.013341613 0.001496346 -0.008032940
1747986938.295977 1.673538089 2.449870110 0.006953462 0.999879420 0.013631631 0.001644490 -0.007254892
1747986938.323890 1.673915029 2.449755192 0.006829408 0.999895632 0.013112182 0.001661500 -0.005837288
1747986938.351829 1.674250484 2.450094700 0.007120527 0.999933004 0.010477955 0.001719568 -0.004606746
1747986938.379751 1.674091935 2.450405598 0.006703570 0.999953568 0.008738697 0.001814163 -0.003647910
1747986938.407539 1.674058437 2.450361013 0.006939809 0.999955118 0.009136765 0.001822381 -0.001724971
1747986938.435268 1.673855543 2.450698376 0.006756219 0.999942541 0.010522724 0.001857172 0.000857324
1747986938.463254 1.674094200 2.450900078 0.007176253 0.999935746 0.010857284 0.001730291 0.002774816
1747986938.491181 1.674023747 2.450774908 0.006851112 0.999938726 0.010300212 0.001750396 0.003668723
1747986938.519063 1.673827171 2.450906515 0.007070871 0.999949992 0.008783154 0.001832693 0.004426562
1747986938.546798 1.673921585 2.451344013 0.006911858 0.999954581 0.007461798 0.001814409 0.005650561
1747986938.574317 1.673929453 2.451521397 0.006594802 0.999952197 0.007194273 0.001775531 0.006378414
1747986938.602121 1.673760891 2.451117039 0.006781645 0.999952555 0.007112971 0.001792433 0.006411320
1747986938.629628 1.673818350 2.451075077 0.006766725 0.999952614 0.007229655 0.001774801 0.006276548
1747986938.657185 1.674033284 2.451096535 0.006968996 0.999946296 0.008005770 0.001651938 0.006375749
1747986938.684786 1.673687339 2.450747728 0.006663568 0.999937475 0.009060537 0.001804185 0.006305029
1747986938.712456 1.673672199 2.450661182 0.006924989 0.999924004 0.010303131 0.001768340 0.006543693
1747986938.740555 1.673732162 2.450541019 0.006743723 0.999894619 0.012591934 0.001741415 0.007015465
1747986938.768926 1.673613310 2.450192690 0.006743902 0.999870360 0.014222996 0.001826211 0.007327425
1747986938.797017 1.673752666 2.449751616 0.006808599 0.999854624 0.013625864 0.001769049 0.010096807
1747986938.824925 1.673708320 2.449155092 0.006416115 0.999864340 0.011796199 0.001788512 0.011357783
1747986938.853070 1.673956752 2.448216200 0.006684867 0.999849260 0.010865472 0.001719689 0.013436013
1747986938.880844 1.674398661 2.447932482 0.006870669 0.999821186 0.011118631 0.001638106 0.015207187
1747986938.908685 1.674552321 2.446899176 0.006727218 0.999822140 0.011262775 0.001701103 0.015031875
1747986938.936520 1.674565673 2.445981979 0.006528177 0.999856532 0.010224981 0.001800622 0.013387785
1747986938.964292 1.674611568 2.445046186 0.006899411 0.999900103 0.007495339 0.001850468 0.011844366
1747986938.992139 1.675061107 2.444548607 0.007099374 0.999947250 0.003309372 0.001719363 0.009573214
1747986939.019982 1.674966216 2.443712711 0.006766356 0.999963403 -0.000855227 0.001852190 0.008310410
1747986939.047589 1.674998164 2.443123817 0.006771249 0.999964476 -0.003289848 0.001730659 0.007568788
1747986939.075294 1.675099373 2.441364765 0.006580710 0.999975145 -0.002375034 0.001865757 0.006371307
1747986939.103263 1.675115347 2.439649343 0.006739306 0.999971509 -0.001735920 0.001881742 0.007107397
1747986939.131257 1.674955249 2.438401937 0.006730774 0.999967277 -0.002773722 0.001837184 0.007375611
1747986939.159100 1.675102711 2.436995983 0.007011297 0.999974310 -0.003320583 0.001866074 0.006075454
1747986939.187074 1.674970269 2.435760498 0.006651483 0.999980330 -0.002715636 0.002053232 0.005263795
1747986939.215428 1.675150990 2.434598923 0.006664262 0.999980628 -0.003520870 0.001900322 0.004773446
1747986939.243392 1.674943924 2.433855772 0.006679596 0.999983907 -0.003229711 0.002062876 0.004189267
1747986939.271123 1.675152063 2.433181524 0.007071424 0.999986470 -0.003463709 0.001953043 0.003364658
1747986939.299094 1.675194502 2.432013512 0.006996750 0.999987185 -0.003446926 0.001963875 0.003150147
1747986939.326083 1.675313234 2.431044102 0.007251591 0.999983549 -0.003822903 0.001806663 0.003874515
1747986939.353882 1.675462008 2.430616140 0.006892111 0.999983311 -0.003626958 0.001816693 0.004118058
1747986939.381771 1.675333381 2.429330349 0.007209452 0.999981642 -0.003623613 0.001914020 0.004472750
1747986939.409488 1.675463080 2.428137064 0.007178199 0.999982417 -0.003613536 0.001831330 0.004342182
1747986939.436475 1.675621510 2.427049637 0.006872531 0.999987781 -0.003619259 0.001803925 0.002844346
1747986939.464386 1.675577879 2.425614834 0.006904320 0.999991417 -0.003546671 0.001853572 0.001090894
1747986939.492213 1.675719619 2.424398184 0.006920830 0.999991775 -0.003605194 0.001840542 0.000370001
1747986939.520111 1.675309181 2.423784971 0.006826655 0.999991953 -0.003468178 0.002019325 -0.000214936
1747986939.548168 1.675222993 2.422621250 0.006771363 0.999990761 -0.003408731 0.002089140 -0.001587656
1747986939.576178 1.675417304 2.421523571 0.006938345 0.999989212 -0.003353964 0.002057330 -0.002475957
1747986939.604196 1.675284147 2.419844389 0.006887649 0.999986351 -0.003509382 0.002139912 -0.003235363
1747986939.631694 1.674853206 2.419176102 0.006324208 0.999986708 -0.003227141 0.002267458 -0.003318800
1747986939.659335 1.674924850 2.416963816 0.006812369 0.999988735 -0.003567490 0.002203945 -0.002229279
1747986939.686140 1.674706459 2.415689945 0.006719969 0.999991655 -0.003414887 0.002204838 0.000347632
1747986939.713869 1.674673915 2.414205790 0.006674210 0.999988198 -0.003520595 0.002149027 0.002567574
1747986939.741332 1.674542427 2.412491560 0.006503229 0.999981344 -0.003550797 0.002204138 0.004458848
1747986939.768673 1.674598694 2.411103487 0.006256799 0.999979317 -0.003376633 0.002221341 0.004999498
1747986939.796039 1.674443722 2.409797907 0.006324221 0.999982476 -0.003469552 0.002330936 0.004201003
1747986939.823509 1.674658656 2.407917261 0.006415898 0.999988675 -0.003490497 0.002416265 0.002167757
1747986939.851143 1.674585819 2.406741619 0.006305355 0.999991536 -0.003235574 0.002510205 0.000466876
1747986939.877922 1.674626589 2.405503750 0.006194349 0.999991596 -0.003027999 0.002568360 -0.001021230
1747986939.905475 1.674313903 2.403722048 0.006131022 0.999983847 -0.003245430 0.002725889 -0.003784233
1747986939.932828 1.674203515 2.402761459 0.006161067 0.999971747 -0.003310739 0.002769056 -0.006155697
1747986939.960298 1.673890948 2.401658773 0.005940643 0.999936461 -0.003395809 0.002996249 -0.010322792
1747986939.987785 1.673564076 2.400177240 0.006241171 0.999895036 -0.003716084 0.003060179 -0.013667284
1747986940.015182 1.673422575 2.399472475 0.006023756 0.999863327 -0.003666295 0.003092860 -0.015823010
1747986940.042648 1.673213124 2.398210049 0.006030720 0.999845624 -0.003705184 0.003071214 -0.016899019
1747986940.069993 1.672977448 2.397592306 0.005885435 0.999853969 -0.003475100 0.003141275 -0.016435444
1747986940.097618 1.673044562 2.396575212 0.006170015 0.999851286 -0.003535543 0.003026910 -0.016605517
1747986940.125302 1.672866702 2.395950317 0.006227788 0.999842048 -0.003470212 0.003073934 -0.017160153
1747986940.154104 1.672771215 2.395086050 0.005815438 0.999839187 -0.003509780 0.003114777 -0.017309187
1747986940.181340 1.672843337 2.394559860 0.006009988 0.999858975 -0.003526567 0.003040720 -0.016138794
1747986940.209071 1.672665715 2.394093513 0.005740187 0.999871314 -0.003468219 0.003107888 -0.015351634
1747986940.235847 1.672830105 2.393323183 0.005901624 0.999872863 -0.003533631 0.003043348 -0.015250215
1747986940.262409 1.672820687 2.392935276 0.005823687 0.999890685 -0.003438754 0.003012367 -0.014063223
1747986940.289981 1.673255444 2.391860247 0.006017243 0.999892831 -0.003414741 0.002892048 -0.013942226
1747986940.317501 1.673213840 2.391173124 0.006142388 0.999879062 -0.003118369 0.003063408 -0.014926340
1747986940.345111 1.673372388 2.390120268 0.005809860 0.999862015 -0.003058443 0.003097785 -0.016034525
1747986940.371834 1.673442245 2.389097452 0.006127785 0.999851584 -0.003111553 0.003124119 -0.016654745
1747986940.399371 1.673624635 2.388489246 0.006016590 0.999841690 -0.003358118 0.003136808 -0.017192340
1747986940.425949 1.673380017 2.388130426 0.005603696 0.999824286 -0.003220951 0.003335915 -0.018163573
1747986940.453673 1.673630118 2.387623549 0.005923750 0.999833763 -0.002981268 0.003180111 -0.017705496
1747986940.481084 1.673507452 2.387161016 0.005847647 0.999844670 -0.003060992 0.003211526 -0.017057799
1747986940.508579 1.673472643 2.386233330 0.006014707 0.999870777 -0.003131342 0.003185435 -0.015445572
1747986940.536290 1.673631191 2.385236263 0.006213248 0.999911070 -0.003275938 0.003014135 -0.012571874
1747986940.563699 1.673499942 2.384567261 0.006077868 0.999926507 -0.003257473 0.003066384 -0.011270945
1747986940.591144 1.673347831 2.383311272 0.005641473 0.999922872 -0.003084113 0.003090724 -0.011631055
1747986940.617804 1.673374414 2.382032633 0.006017752 0.999923110 -0.003250515 0.003066850 -0.011570632
1747986940.645343 1.673281550 2.380542040 0.005733862 0.999908328 -0.002838088 0.003096556 -0.012872246
1747986940.672868 1.673175216 2.378863573 0.006462640 0.999903738 0.004701881 0.001249230 -0.012996920
1747986940.700258 1.674149036 2.377125740 0.006864355 0.999940574 -0.000469828 0.003866698 -0.010184160
1747986940.727324 1.672974348 2.377695799 0.005840974 0.999895334 -0.004309097 0.003620942 -0.013330615
1747986940.754136 1.672779322 2.377228022 0.005621044 0.999919534 -0.004290597 0.003570618 -0.011392166
1747986940.781772 1.672809124 2.376728773 0.005768442 0.999981284 -0.004598919 0.003324952 -0.002303848
1747986940.809247 1.673162222 2.376776934 0.005897735 0.999975741 -0.004623081 0.002977399 0.004278628
1747986940.836884 1.673131347 2.376764059 0.005956415 0.999976933 -0.004643628 0.003002970 0.003949972
1747986940.864384 1.673266888 2.376537323 0.005696136 0.999983788 -0.004551846 0.003103101 -0.001438882
1747986940.891727 1.673411369 2.376101494 0.005756596 0.999952793 -0.004536604 0.003245362 -0.007958017
1747986940.919203 1.673978209 2.376342535 0.005884364 0.999941707 -0.004549630 0.003235971 -0.009240812
1747986940.946987 1.673956513 2.375595331 0.005532830 0.999916196 -0.004255654 0.003302340 -0.011773287
1747986940.973503 1.674252987 2.374739885 0.005932941 0.999876261 -0.003514334 0.003252210 -0.014988270
1747986940.999980 1.674135923 2.373866796 0.005768361 0.999830484 -0.003567938 0.003247286 -0.017770257
1747986941.027451 1.673954725 2.372479677 0.005893499 0.999845982 -0.000409983 0.003217083 -0.017248457
1747986941.054909 1.674011946 2.371096849 0.005885218 0.999838948 0.003119061 0.003180022 -0.017385054
1747986941.082475 1.673989534 2.370678186 0.005976168 0.999739289 -0.000862052 0.003380148 -0.022564942
1747986941.110124 1.673956871 2.369800568 0.006238471 0.999643147 -0.001905057 0.003273225 -0.026442681
1747986941.136722 1.673777103 2.369550705 0.006116198 0.999631405 -0.000371362 0.003384025 -0.026936565
1747986941.164237 1.673791409 2.369711399 0.006141211 0.999597490 -0.002618680 0.003314669 -0.028053300
1747986941.191951 1.673848391 2.369785070 0.006021015 0.999556780 -0.002792828 0.003271482 -0.029457195
1747986941.219602 1.674000740 2.369921446 0.005900795 0.999597371 -0.002834186 0.003233820 -0.028048180
1747986941.246420 1.674034595 2.369998932 0.006064772 0.999681950 -0.002864675 0.003118594 -0.024860455
1747986941.273169 1.674056172 2.369949579 0.006005315 0.999689400 -0.002899011 0.003086916 -0.024560353
1747986941.299552 1.673933864 2.369997263 0.005974533 0.999699652 -0.002924256 0.003144446 -0.024127299
1747986941.327080 1.673961878 2.370179892 0.005811263 0.999710560 -0.002859213 0.003089327 -0.023688251
1747986941.354613 1.673963428 2.370093346 0.005881512 0.999715447 -0.002934334 0.003108162 -0.023470050
1747986941.382320 1.673902273 2.370216370 0.005864878 0.999727964 -0.002913254 0.003126316 -0.022931123
1747986941.409977 1.673887253 2.370204926 0.006006305 0.999744713 -0.002939937 0.003105268 -0.022186289
1747986941.436734 1.673956633 2.370111704 0.005950385 0.999745190 -0.002963939 0.003085123 -0.022164691
1747986941.464475 1.673492551 2.369987011 0.005617720 0.999749243 -0.002971216 0.003320995 -0.021947363
1747986941.492084 1.673581481 2.370066166 0.005706015 0.999754548 -0.002788508 0.003318652 -0.021727486
1747986941.518874 1.673424721 2.369731426 0.005923235 0.999772191 -0.002818187 0.003206745 -0.020912921
1747986941.546419 1.673132062 2.369112968 0.006269069 0.999832511 -0.002582293 0.003088315 -0.017856348
1747986941.574003 1.672938704 2.368980408 0.006158278 0.999827445 -0.002130154 0.003026470 -0.018205233
1747986941.600771 1.672677994 2.368440866 0.005953317 0.999803901 -0.001637948 0.003091705 -0.019493511
1747986941.628458 1.672596574 2.367960453 0.006025540 0.999812961 -0.001455027 0.003069607 -0.019039439
1747986941.656125 1.672273993 2.367515802 0.006050413 0.999834955 -0.001312641 0.003085660 -0.017856920
1747986941.683579 1.671938658 2.366760254 0.005488727 0.999858737 -0.001303786 0.003207141 -0.016447570
1747986941.711030 1.672166824 2.365887642 0.006005183 0.999889076 -0.001381538 0.002941100 -0.014538264
1747986941.737891 1.672034740 2.365101337 0.006034482 0.999935210 -0.001479267 0.002835266 -0.010927207
1747986941.765666 1.671857834 2.364065409 0.005968058 0.999958396 -0.001629621 0.002892220 -0.008496452
1747986941.792397 1.671905875 2.363283157 0.005692283 0.999947309 -0.001506777 0.002887733 -0.009739132
1747986941.819751 1.671771049 2.362240076 0.005733246 0.999943376 -0.000714586 0.002985997 -0.010189629
1747986941.847241 1.671737075 2.361428261 0.005912740 0.999943495 -0.000622449 0.003007820 -0.010180268
1747986941.874795 1.671614170 2.360003233 0.005534737 0.999930441 -0.000526037 0.003104142 -0.011368321
1747986941.901166 1.671819210 2.358630180 0.005805926 0.999923885 -0.000793363 0.002819945 -0.011986423
1747986941.928609 1.671715379 2.357570648 0.005971720 0.999920607 -0.000748124 0.002841090 -0.012253641
1747986941.955950 1.671494961 2.355908632 0.005399296 0.999909937 -0.000807758 0.003028824 -0.013050149
1747986941.983336 1.671636343 2.354410410 0.005762316 0.999902248 -0.001002582 0.002839718 -0.013653821
1747986942.010715 1.671294689 2.352656364 0.005390931 0.999912143 -0.002020448 0.002771850 -0.012805481
1747986942.038222 1.670906067 2.350537062 0.005412877 0.999944866 -0.002011841 0.002877473 -0.009898107
1747986942.064751 1.670707703 2.349136353 0.005141285 0.999965608 -0.002270293 0.002583927 -0.007551224
1747986942.092257 1.670325637 2.347254992 0.004912019 0.999985695 -0.002089885 0.002751438 -0.004092093
1747986942.119556 1.670153141 2.345308065 0.005321871 0.999992251 -0.001934399 0.002739771 -0.002080341
1747986942.146986 1.670164466 2.343408823 0.005204482 0.999993086 -0.001960746 0.002662647 -0.001706544
1747986942.174311 1.670281053 2.341252565 0.005168771 0.999992371 -0.001500609 0.002464921 -0.002630045
1747986942.201985 1.670525908 2.339386702 0.005893156 0.999988377 -0.001433422 0.002615542 -0.003793195
1747986942.229674 1.670452356 2.337123632 0.005175727 0.999983013 -0.001843242 0.002719989 -0.004820236
1747986942.257303 1.670469403 2.334985495 0.004763374 0.999976158 -0.001652218 0.003054374 -0.005964882
1747986942.285000 1.670819879 2.332977295 0.005087785 0.999975801 -0.001480577 0.003170382 -0.006013677
1747986942.312935 1.670737982 2.331568241 0.005310788 0.999973416 -0.001759196 0.002882545 -0.006467419
1747986942.339959 1.670948029 2.329396248 0.005469989 0.999972701 -0.001356658 0.003236960 -0.006502169
1747986942.366830 1.671176195 2.327819824 0.005297924 0.999962687 -0.001322252 0.003313963 -0.007872966
1747986942.394646 1.671486378 2.325737476 0.005092330 0.999920309 -0.001355475 0.003529160 -0.012048841
1747986942.422746 1.671552539 2.323533535 0.004633584 0.999850214 -0.001411012 0.003787327 -0.016829837
1747986942.450610 1.672088981 2.321365833 0.004954431 0.999762237 -0.001966681 0.003783925 -0.021383984
1747986942.478831 1.672116280 2.319782257 0.004636840 0.999716699 -0.001792980 0.004009481 -0.023394005
1747986942.506625 1.672325373 2.318130970 0.004839282 0.999652565 -0.001604073 0.004053134 -0.025994418
1747986942.534503 1.672504544 2.316417456 0.004404135 0.999654293 -0.001881085 0.003980400 -0.025921728
1747986942.562760 1.672266364 2.314752817 0.004710620 0.999646127 -0.001819404 0.004128028 -0.026217412
1747986942.589925 1.672176361 2.313476562 0.004610086 0.999626994 -0.001839311 0.004159957 -0.026930396
1747986942.617750 1.672252417 2.311954498 0.004365886 0.999621272 -0.001833844 0.004035567 -0.027162267
1747986942.644640 1.672225714 2.310742855 0.003977580 0.999637246 -0.001952425 0.004033135 -0.026558055
1747986942.672549 1.672274113 2.309319735 0.004201316 0.999666274 -0.001918105 0.003903177 -0.025463793
1747986942.700581 1.672212243 2.307798624 0.004517554 0.999679267 -0.001952895 0.003898515 -0.024947900
1747986942.728288 1.671661735 2.306084871 0.003879806 0.999717176 -0.002041022 0.004063161 -0.023343289
1747986942.755135 1.671667099 2.305036783 0.004185496 0.999761820 -0.001947342 0.004003297 -0.021364896
1747986942.781831 1.671610832 2.303376198 0.003956883 0.999795854 -0.002092607 0.003977490 -0.019700978
1747986942.809520 1.671682715 2.302341223 0.003410524 0.999808371 -0.001998159 0.004036411 -0.019052003
1747986942.837418 1.671931863 2.300874233 0.003710473 0.999795139 -0.001985432 0.003886575 -0.019764371
1747986942.865377 1.671805143 2.299407721 0.003244224 0.999751806 -0.001900034 0.004026382 -0.021829393
1747986942.891995 1.671808124 2.298100710 0.003473935 0.999734819 -0.001916667 0.003986366 -0.022598611
1747986942.918717 1.671523333 2.296974182 0.003130174 0.999727726 -0.001698756 0.004136408 -0.022902429
1747986942.946650 1.671179295 2.295870304 0.003056507 0.999780297 -0.001255709 0.002364579 -0.020789599
1747986942.974689 1.671681881 2.295217752 0.003686490 0.999650240 -0.002952231 0.005698001 -0.025656853
1747986943.002332 1.671430349 2.293973684 0.003389106 0.999692976 -0.003114138 0.004554712 -0.024154918
1747986943.030285 1.671178818 2.292518139 0.003459334 0.999678791 -0.003143518 0.004403864 -0.024760317
1747986943.058168 1.671111941 2.291244984 0.003030345 0.999672830 -0.003222987 0.004369554 -0.024994809
1747986943.085041 1.671080589 2.289993525 0.002842752 0.999597192 -0.002178237 0.004605101 -0.027919201
1747986943.112748 1.671083570 2.288972616 0.003131558 0.999454021 -0.000163041 0.004677417 -0.032707471
1747986943.139876 1.671311140 2.288931131 0.003113370 0.999417484 -0.001831956 0.004502562 -0.033779491
1747986943.166999 1.671181679 2.288269520 0.002974838 0.999442220 -0.003156382 0.004475262 -0.032943863
1747986943.194760 1.671093702 2.287656784 0.002812739 0.999428570 -0.003186461 0.004540187 -0.033343885
1747986943.221685 1.671163440 2.286977530 0.003155545 0.999457657 -0.002752649 0.004725290 -0.032472465
1747986943.249547 1.671042085 2.285940409 0.002893348 0.999508679 -0.001817523 0.005415852 -0.030818626
1747986943.277348 1.670538545 2.284560919 0.002470101 0.999529958 -0.002072402 0.004589776 -0.030241679
1747986943.305145 1.670769691 2.283672333 0.003062748 0.999548852 -0.001975309 0.004465295 -0.029636556
1747986943.332965 1.670491338 2.282165289 0.002964389 0.999596179 -0.001956760 0.004663367 -0.027962834
1747986943.360645 1.670672655 2.280742645 0.002810328 0.999636829 -0.001899089 0.004546733 -0.026494335
1747986943.387637 1.670472383 2.279401541 0.002655914 0.999644578 -0.001868964 0.004646064 -0.026185293
1747986943.415519 1.670920730 2.277649403 0.003374638 0.999647319 0.000515346 0.004579961 -0.026152745
1747986943.442321 1.670217276 2.275832176 0.002426307 0.999642849 0.000148343 0.004898909 -0.026271185
1747986943.469901 1.670189977 2.273859978 0.002533112 0.999640286 0.000117846 0.004849409 -0.026377650
1747986943.497572 1.669974804 2.271522760 0.002300357 0.999639332 -0.000141097 0.004831164 -0.026417591
1747986943.525431 1.670040727 2.269208908 0.001898591 0.999652982 -0.000352364 0.004879963 -0.025883056
1747986943.552561 1.670294881 2.267446518 0.002379377 0.999650836 -0.001505983 0.004711282 -0.025957104
1747986943.580441 1.670451999 2.265028000 0.002598734 0.999677598 -0.001466784 0.004765049 -0.024896206
1747986943.608206 1.670779586 2.262698650 0.002794981 0.999719679 -0.001384691 0.004678352 -0.023169935
1747986943.635961 1.670680881 2.260881901 0.002904447 0.999728858 -0.001404077 0.004884821 -0.022726547
1747986943.663737 1.671050906 2.258528233 0.002501633 0.999755323 -0.001396510 0.004865508 -0.021533912
1747986943.690937 1.671343803 2.256413698 0.002841349 0.999791920 -0.001296599 0.004804534 -0.019782932
1747986943.718634 1.671733379 2.254413605 0.002120994 0.999810219 -0.001415052 0.004691957 -0.018854976
1747986943.745641 1.672015309 2.252730608 0.002535083 0.999809325 -0.001274731 0.004685409 -0.018915253
1747986943.773682 1.672091842 2.250854015 0.002886460 0.999827325 -0.001218343 0.004681582 -0.017943198
1747986943.801683 1.671869516 2.249364376 0.001953323 0.999830484 -0.001342864 0.004811963 -0.017724287
1747986943.829775 1.672189832 2.247977972 0.002555026 0.999818921 -0.001117338 0.004679079 -0.018413173
1747986943.857852 1.672128439 2.246164799 0.002306401 0.999838650 -0.001258962 0.004691870 -0.017294342
1747986943.885969 1.672004938 2.244734287 0.002398977 0.999870121 -0.001123732 0.004721264 -0.015369210
1747986943.913825 1.671941996 2.243499756 0.001828495 0.999893963 -0.001156898 0.004771979 -0.013712587
1747986943.941606 1.672191739 2.242222548 0.002331741 0.999909163 -0.000966430 0.004676429 -0.012605012
1747986943.968348 1.672129750 2.240127563 0.001895884 0.999909163 -0.001103601 0.004787187 -0.012555134
1747986943.996331 1.672414064 2.238679886 0.001808407 0.999921381 -0.001106799 0.004759429 -0.011547058
1747986944.023213 1.672401190 2.236811161 0.001792445 0.999939501 -0.001086786 0.004822978 -0.009826993
1747986944.050922 1.672702432 2.235236645 0.002053388 0.999957085 -0.000994368 0.004684146 -0.007930154
1747986944.078650 1.672847867 2.232973099 0.001681673 0.999963820 -0.001125185 0.004665449 -0.007029459
1747986944.106511 1.673110604 2.231072903 0.001965720 0.999971688 -0.001028753 0.004645623 -0.005837124
1747986944.133780 1.672892094 2.229083538 0.001629303 0.999982297 -0.000976855 0.004595628 -0.003656664
1747986944.160885 1.672723174 2.227719784 0.001757822 0.999988377 -0.000921742 0.004562490 -0.001280011
1747986944.188616 1.672532320 2.225845814 0.001684912 0.999988496 -0.000878922 0.004513769 0.001377574
1747986944.216861 1.672836900 2.224354267 0.001582081 0.999986947 -0.000710748 0.004341508 0.002607120
1747986944.244807 1.672741175 2.222820520 0.001649008 0.999983788 -0.000828967 0.004310273 0.003624843
1747986944.271979 1.672695398 2.221991301 0.001632923 0.999984860 -0.000496619 0.004320439 0.003373347
1747986944.299817 1.672676325 2.220359325 0.001545070 0.999984205 -0.000716233 0.004322533 0.003525589
1747986944.327689 1.672736406 2.219355345 0.001977511 0.999983490 -0.000722927 0.004354733 0.003680286
1747986944.354677 1.672708273 2.218301058 0.001495857 0.999981642 -0.000644861 0.004391800 0.004129362
1747986944.382549 1.673081160 2.217220068 0.001453305 0.999985039 -0.000716688 0.004206090 0.003425600
1747986944.410377 1.672322631 2.216455936 0.001775669 0.999983668 -0.000681777 0.004606148 0.003310779
1747986944.438059 1.672307730 2.215490580 0.001828814 0.999982774 -0.000638616 0.004619321 0.003572829
1747986944.465685 1.672440529 2.214525938 0.001503617 0.999981225 -0.000668946 0.004531218 0.004084089
1747986944.493619 1.672344089 2.213762522 0.001768135 0.999980927 -0.000605447 0.004687440 0.003976115
1747986944.521481 1.672558427 2.212662697 0.001508179 0.999985456 -0.000607312 0.004619779 0.002728653
1747986944.548441 1.672637820 2.211440086 0.001982233 0.999988735 -0.000623676 0.004612289 0.000952773
1747986944.576447 1.672544003 2.210399389 0.001467255 0.999988794 -0.000646414 0.004678691 -0.000315951
1747986944.603580 1.672452331 2.209203959 0.001724967 0.999988437 -0.000644829 0.004671497 -0.000974765
1747986944.631490 1.672488093 2.208433867 0.000619027 0.999977052 -0.001414597 0.006583561 0.000788117
1747986944.659257 1.672769547 2.207695246 0.001240178 0.999980927 -0.001598837 0.004624547 -0.003766794
1747986944.687123 1.672433615 2.206561804 0.001111978 0.999969959 -0.001771566 0.004817466 -0.005817573
1747986944.714773 1.671994448 2.205383778 0.001586000 0.999963880 -0.001792974 0.004787391 -0.006792221
1747986944.742523 1.671592355 2.203898430 0.001039255 0.999931991 -0.001895530 0.004852668 -0.010433184
1747986944.769206 1.671633482 2.203115940 0.001363456 0.999872327 -0.001649430 0.004886599 -0.015125697
1747986944.796676 1.671252728 2.201203585 0.000794098 0.999736190 -0.001787879 0.005074062 -0.022331178
1747986944.823614 1.671232820 2.200088263 0.000516953 0.999631226 -0.001405727 0.005086021 -0.026638497
1747986944.851340 1.670842052 2.198566914 0.001142479 0.999592781 -0.000100418 0.005872776 -0.027924826
1747986944.878808 1.669780374 2.197544098 0.000727486 0.999677122 0.000009680 0.004967218 -0.024918707
1747986944.905406 1.669165134 2.196410894 0.000886865 0.999760151 -0.000011858 0.005020047 -0.021319013
1747986944.932868 1.669062257 2.195523500 0.000928674 0.999817789 0.000041851 0.004855758 -0.018460546
1747986944.960396 1.669278741 2.195493221 0.000746018 0.999817133 0.000126270 0.004752846 -0.018522462
1747986944.988170 1.669404387 2.195403337 0.001407846 0.999844790 0.000066063 0.004865266 -0.016933959
1747986945.015755 1.670212388 2.195624352 0.001017564 0.999898791 0.000065930 0.004687691 -0.013432625
1747986945.043689 1.670325875 2.195492983 0.000817169 0.999879599 -0.000099687 0.004918985 -0.014719525
1747986945.070605 1.670216680 2.195434809 0.001003813 0.999856651 -0.000164818 0.004993417 -0.016180048
1747986945.098293 1.670489788 2.195723295 0.000680308 0.999822676 -0.000046430 0.005046798 -0.018144010
1747986945.124988 1.670792460 2.195616245 0.000844120 0.999819577 -0.000094514 0.005012592 -0.018321062
1747986945.152599 1.670930743 2.195872545 0.000861293 0.999879897 -0.000050014 0.004983906 -0.014676277
1747986945.180763 1.671465993 2.196321011 0.001239770 0.999940395 0.000108248 0.004801257 -0.009808266
1747986945.208831 1.671739817 2.196158409 0.000818873 0.999944448 -0.000097449 0.004744657 -0.009410491
1747986945.235888 1.671546698 2.196223736 0.000819830 0.999928892 -0.000045994 0.004927800 -0.010861956
1747986945.263799 1.671564817 2.196049452 0.000423101 0.999934196 -0.000070199 0.004889481 -0.010380437
1747986945.291931 1.671461821 2.196071625 0.000620080 0.999947369 -0.000062182 0.004920392 -0.009004837
1747986945.319952 1.671610475 2.196242332 0.000743117 0.999948263 0.000019128 0.004863569 -0.008936431
1747986945.347834 1.671962619 2.196443796 0.000871546 0.999952197 0.000072953 0.004715829 -0.008565513
1747986945.374981 1.671591640 2.196299553 0.001176154 0.999954939 -0.000045010 0.004824401 -0.008177632
1747986945.402136 1.671734810 2.196303844 0.001010105 0.999948204 -0.000059330 0.004790517 -0.008980081
1747986945.429178 1.671496153 2.196346283 0.000473265 0.999940872 -0.000091610 0.004911643 -0.009704445
1747986945.457127 1.671756744 2.196360111 0.000839780 0.999946594 -0.000113197 0.004820246 -0.009141693
1747986945.484893 1.671848893 2.196294069 0.000833512 0.999948144 -0.000147122 0.004751656 -0.009005678
1747986945.512809 1.671829104 2.196413755 0.001023628 0.999956369 -0.000103498 0.004614547 -0.008120559
1747986945.540903 1.671959877 2.196299076 0.001231279 0.999962747 -0.000147738 0.004540146 -0.007340590
1747986945.568017 1.671825051 2.196456909 0.001293793 0.999960482 -0.000115881 0.004618353 -0.007596299
1747986945.596074 1.671573877 2.196288347 0.000936140 0.999952674 -0.000231742 0.004589813 -0.008574995
1747986945.624373 1.671283126 2.196599245 0.000889629 0.999936759 -0.000144081 0.004589148 -0.010268372
1747986945.651574 1.670837760 2.196698904 0.000996054 0.999921799 -0.000218354 0.004678869 -0.011595959
1747986945.679416 1.670494318 2.196824789 0.001042906 0.999903262 -0.000197912 0.004587047 -0.013133141
1747986945.706643 1.670032144 2.197105169 0.001039265 0.999865413 -0.000041637 0.004542823 -0.015765607
1747986945.733805 1.669209838 2.197024584 0.000901481 0.999848664 -0.000102417 0.004647924 -0.016768256
1747986945.761794 1.668128967 2.196936131 0.001334807 0.999842107 0.000222304 0.004481980 -0.017193863
1747986945.789752 1.667754769 2.196975708 0.001276403 0.999865294 0.000528400 0.004419704 -0.015799455
1747986945.817926 1.666814685 2.197036505 0.000702264 0.999840081 0.000617913 0.004687542 -0.017248247
1747986945.846157 1.666806698 2.197057009 0.000903596 0.999836743 0.000531652 0.004384031 -0.017522927
1747986945.874214 1.666519761 2.197890043 0.001098897 0.999840856 0.000774618 0.004240847 -0.017313993
1747986945.901379 1.665991426 2.197909832 0.001250211 0.999850452 0.000674884 0.004124664 -0.016784316
1747986945.929670 1.665354490 2.197640657 0.001233510 0.999866068 0.000389132 0.004188775 -0.015819903
1747986945.956825 1.665013075 2.197949171 0.001097690 0.999884844 0.000379411 0.003921517 -0.014655358
1747986945.985380 1.664366603 2.198183298 0.001580636 0.999911606 0.000369746 0.003656001 -0.012778603
1747986946.013558 1.663467288 2.198293924 0.000908841 0.999951184 0.000172243 0.003413939 -0.009273455
1747986946.041706 1.662936091 2.198448181 0.000598580 0.999970615 0.000066963 0.003165808 -0.006987950
1747986946.068972 1.662685394 2.198541164 0.001069846 0.999980986 -0.000004651 0.002969084 -0.005407492
1747986946.097117 1.662773013 2.198575258 0.001662092 0.999981701 -0.000095615 0.002804424 -0.005361945
1747986946.124966 1.662257195 2.198663712 0.001277273 0.999976218 -0.000077857 0.002967189 -0.006225092
1747986946.152781 1.662101626 2.198621273 0.001165651 0.999971807 -0.000062399 0.002798601 -0.006972901
1747986946.180702 1.660895586 2.198318005 0.001010050 0.999967575 -0.000144312 0.002897060 -0.007516313
1747986946.207735 1.659527779 2.198402882 0.001557355 0.999976516 -0.000002258 0.002760972 -0.006272379
1747986946.234653 1.657964110 2.198197842 0.001129241 0.999990404 -0.000139584 0.003497180 -0.002637149
1747986946.262384 1.656801224 2.197721243 0.001064418 0.999992430 -0.000201108 0.003859723 -0.000474316
1747986946.290745 1.655556202 2.197690487 0.000913442 0.999991894 -0.000165012 0.003926644 -0.000879158
1747986946.318873 1.654430866 2.197371483 0.000831537 0.999989092 -0.000255448 0.003936375 -0.002505974
1747986946.346871 1.653195143 2.197162390 0.000322308 0.999985814 -0.000332392 0.003927480 -0.003577032
1747986946.374803 1.652391195 2.197471380 0.000324668 0.999979436 -0.000098200 0.003788365 -0.005177439
1747986946.402178 1.651559830 2.197428703 0.000958381 0.999959052 -0.000125883 0.003813715 -0.008207183
1747986946.430316 1.650459051 2.197484016 0.001478062 0.999944568 -0.000029606 0.003976579 -0.009752044
1747986946.458800 1.649575114 2.197229862 0.001061607 0.999950469 -0.000155731 0.003712943 -0.009234929
1747986946.486228 1.648283482 2.197470188 0.000962531 0.999946535 -0.000035223 0.003664599 -0.009669889
1747986946.513818 1.646880984 2.196990490 0.000759507 0.999937356 -0.000177342 0.003780217 -0.010535011
1747986946.541332 1.645507455 2.197260618 0.000927339 0.999955475 -0.000108242 0.003552802 -0.008739108
1747986946.568011 1.644206762 2.197534561 0.001101824 0.999949932 -0.000033120 0.003446632 -0.009398754
1747986946.595682 1.642795086 2.197572470 0.000995874 0.999943376 -0.000058871 0.003441826 -0.010073252
1747986946.623356 1.640655994 2.197115421 0.000702639 0.999952614 -0.000278872 0.003448309 -0.009101240
1747986946.650862 1.638799906 2.197629213 0.000984584 0.999956131 -0.000038134 0.003405216 -0.008726715
1747986946.678364 1.637585759 2.197980642 0.001383652 0.999968648 0.000089854 0.003128096 -0.007277555
1747986946.706064 1.634981036 2.197614670 0.000873400 0.999982953 -0.000214099 0.003237942 -0.004857941
1747986946.733761 1.632938027 2.197885275 0.001000469 0.999977410 -0.000011838 0.003133856 -0.005950354
1747986946.760497 1.631335258 2.197972775 0.000857612 0.999985039 0.000031773 0.002926683 -0.004617000
1747986946.787577 1.628763080 2.197882175 0.000690794 0.999995947 -0.000109105 0.002777104 -0.000639331
1747986946.815006 1.626946926 2.198438406 0.001407643 0.999993205 0.000064797 0.002566911 0.002648215
1747986946.842449 1.623991251 2.198445797 0.001125034 0.999950290 -0.000017561 0.002397821 0.009681386
1747986946.869974 1.621622205 2.198790312 0.001225967 0.999890327 0.000083452 0.002199257 0.014648496
1747986946.897601 1.620649099 2.198584080 0.001229526 0.999880910 0.000038894 0.001977794 0.015307880
1747986946.925256 1.619084835 2.198328257 0.001311762 0.999886394 -0.000041921 0.002058680 0.014934156
1747986946.952781 1.617855787 2.198679924 0.001524410 0.999912500 0.000203454 0.002128826 0.013056852
1747986946.980522 1.616886854 2.198292732 0.001061082 0.999934077 0.000022644 0.002131516 0.011282395
1747986947.008293 1.615901589 2.198146820 0.000927147 0.999946058 -0.000015975 0.002086493 0.010175901
1747986947.035129 1.614978194 2.198210716 0.000897368 0.999960124 0.000038790 0.001979919 0.008709031
1747986947.062741 1.613501668 2.198284864 0.000927440 0.999964774 0.000070025 0.002128239 0.008119233
1747986947.089874 1.612194657 2.198519945 0.001029605 0.999963105 0.000118811 0.002039041 0.008346863
1747986947.116715 1.611128807 2.198324919 0.001122789 0.999976337 0.000037874 0.002097799 0.006557661
1747986947.144262 1.609926701 2.198713541 0.000902687 0.999990225 0.000165872 0.002073993 0.003900502
1747986947.172052 1.608666062 2.198766232 0.001121234 0.999994099 0.000153245 0.002062309 0.002763088
1747986947.199672 1.607135415 2.198700190 0.001004376 0.999997437 0.000072673 0.002222426 0.000386261
1747986947.227020 1.605988264 2.198965549 0.000879684 0.999997556 0.000210735 0.002190809 -0.000320950
1747986947.254766 1.604242444 2.199011803 0.000976043 0.999997735 0.000208845 0.001982332 0.000723388
1747986947.282544 1.601913452 2.199167490 0.001085544 0.999996960 0.000174359 0.002005755 0.001445964
1747986947.309323 1.599785328 2.199074984 0.000833473 0.999997437 0.000867654 0.002041052 -0.000466996
1747986947.335841 1.599922538 2.199193239 0.001167375 0.999931633 0.000112203 0.003981627 -0.010993695
1747986947.363168 1.598999858 2.199147940 0.001408712 0.999810576 0.001221799 0.010044548 -0.016624413
1747986947.390554 1.595573187 2.198881388 0.000974603 0.999968052 -0.000020938 0.003590243 -0.007146309
1747986947.418150 1.593300462 2.199130535 0.001107123 0.999991536 0.000808256 0.002790594 -0.002910609
1747986947.445573 1.591467619 2.199400902 0.001225442 0.999947786 0.000941721 0.001831321 0.010012860
1747986947.473111 1.590506792 2.199054003 0.000800173 0.999916255 0.000721064 0.001806017 0.012794477
1747986947.499869 1.589699864 2.199453592 0.000716357 0.999977291 -0.000140334 0.001824235 0.006489785
1747986947.527406 1.588637590 2.199506283 0.000974614 0.999992251 -0.000011972 0.002037156 -0.003375884
1747986947.554893 1.587890506 2.199860096 0.000804656 0.999931037 0.000242557 0.002102067 -0.011551540
1747986947.581462 1.587357640 2.199915409 0.000734040 0.999848306 0.000229492 0.002174428 -0.017280236
1747986947.608903 1.586537004 2.199832439 0.000512496 0.999770522 0.000260555 0.002183462 -0.021308569
1747986947.636563 1.585036874 2.199900150 0.001085691 0.999721825 0.000388548 0.002429058 -0.023457345
1747986947.664010 1.583287358 2.199558735 0.000932708 0.999687672 0.000294223 0.002570832 -0.024857730
1747986947.691385 1.581939816 2.199302912 0.001118877 0.999748230 -0.000027440 0.001270491 -0.022403829
1747986947.718739 1.580523610 2.199322462 0.001244791 0.999740899 0.000297404 0.000936768 -0.022741698
1747986947.746226 1.578587651 2.199282408 0.001083175 0.999739587 0.000249219 0.000733379 -0.022806874
1747986947.773877 1.576397300 2.199082375 0.001155048 0.999740124 0.000241538 0.000738378 -0.022784505
1747986947.801455 1.575474501 2.198663235 0.000820411 0.999758899 0.000408249 0.000709529 -0.021944417
1747986947.828972 1.573422194 2.198666811 0.001516225 0.999745667 0.000586985 0.000981246 -0.022525448
1747986947.856563 1.571375728 2.198633671 0.001562403 0.999752939 0.000234511 0.001740104 -0.022159178
1747986947.884312 1.569624543 2.198203564 0.000972716 0.999754906 -0.000030566 0.001684151 -0.022074409
1747986947.911919 1.567032099 2.198738337 0.000726980 0.999786973 0.000082618 0.001547747 -0.020583674
1747986947.939518 1.564004898 2.198785782 0.001057711 0.999810457 0.000035066 0.001698878 -0.019394720
1747986947.967208 1.561845660 2.198741674 0.000946091 0.999852180 0.000006419 0.001544006 -0.017127056
1747986947.995090 1.559065342 2.198609829 0.000687100 0.999884844 -0.000093698 0.001528252 -0.015100331
1747986948.022708 1.556849003 2.198555470 0.000818059 0.999883950 -0.000023042 0.001271031 -0.015182678
1747986948.050593 1.554014564 2.198542356 0.000882058 0.999878943 0.000160282 0.001320796 -0.015504061
1747986948.078403 1.552020550 2.198106527 0.000532099 0.999887884 -0.000026224 0.001213243 -0.014926110
1747986948.105944 1.549530625 2.197795868 0.000987704 0.999880552 0.000007233 0.001235561 -0.015406551
1747986948.133565 1.547031403 2.197453976 0.000779126 0.999873340 -0.000087040 0.001278898 -0.015865300
1747986948.161446 1.545672297 2.197637558 0.000872092 0.999867201 0.000065063 0.001083635 -0.016260587
1747986948.188206 1.543261528 2.197501183 0.000625440 0.999815643 0.000100668 0.001346051 -0.019155741
1747986948.215811 1.541957378 2.197461843 0.000916624 0.999756157 0.000114792 0.001321474 -0.022042591
1747986948.243597 1.540822864 2.197534561 0.000907178 0.999700487 0.000179494 0.001425725 -0.024431190
1747986948.271368 1.539488673 2.197343588 0.000743847 0.999610186 0.000136631 0.001519703 -0.027876966
1747986948.299259 1.538238168 2.197338104 0.000777831 0.999549091 0.000144157 0.001572176 -0.029986592
1747986948.327118 1.537361026 2.197545052 0.001032283 0.999495149 0.000286191 0.001592879 -0.031731237
1747986948.354182 1.536125302 2.197487831 0.000760312 0.999478161 0.000221909 0.001503175 -0.032265365
1747986948.382239 1.534421921 2.197476864 0.000727404 0.999501526 0.000217328 0.001590342 -0.031531263
1747986948.409239 1.533591151 2.197482824 0.000562692 0.999538422 0.000187840 0.001261113 -0.030352293
1747986948.437016 1.531805754 2.197242260 0.000567077 0.999618948 -0.000015720 0.001184983 -0.027578361
1747986948.464704 1.529834270 2.197428226 0.000513017 0.999697268 0.000039175 0.001126963 -0.024578780
1747986948.492445 1.528594732 2.197426319 0.000414255 0.999751091 -0.000044023 0.000929543 -0.022292230
1747986948.519347 1.526730657 2.197526693 0.000620748 0.999791920 0.000020196 0.000930900 -0.020377215
1747986948.546983 1.525084972 2.197587729 0.000787424 0.999840736 0.000099451 0.000768916 -0.017830273
1747986948.574764 1.523676395 2.197746992 0.000736954 0.999890685 0.000068446 0.000718651 -0.014767357
1747986948.602329 1.522228360 2.197616339 0.000665299 0.999923289 -0.000005230 0.000550313 -0.012374830
1747986948.630042 1.520711780 2.197810650 0.000669301 0.999942303 0.000041682 0.000503011 -0.010730282
1747986948.657323 1.519663692 2.197678566 0.000477583 0.999955535 -0.000116582 0.000479910 -0.009418814
1747986948.683902 1.518368125 2.197782755 0.000355496 0.999970615 -0.000046923 0.000406168 -0.007656702
1747986948.710368 1.517497301 2.197727442 0.000452494 0.999981046 -0.000119098 0.000330276 -0.006145784
1747986948.737947 1.516609788 2.197679520 0.000657503 0.999987841 -0.000183804 0.000315362 -0.004924121
1747986948.765688 1.516152263 2.197631598 0.000353509 0.999990821 -0.000201120 0.000345299 -0.004262749
1747986948.793435 1.515907764 2.197540045 0.000465963 0.999994457 -0.000286544 0.000201237 -0.003306867
1747986948.821118 1.515390158 2.197794914 0.000449486 0.999995351 -0.000106454 0.000134705 -0.003056190
1747986948.848865 1.514883399 2.197458744 0.000458583 0.999986410 0.000005254 -0.000200521 -0.005214691
1747986948.876386 1.514680862 2.197400570 0.000462097 0.999989808 -0.000296186 0.001202851 -0.004351413
1747986948.903342 1.513851166 2.197465897 0.000169215 0.999996901 -0.000303580 0.001270599 -0.002134411
1747986948.931291 1.513042927 2.197446108 0.000192247 0.999999046 -0.000350619 0.001263720 -0.000500189
1747986948.958256 1.511954308 2.197694778 0.000421342 0.999997199 -0.000339964 0.001327438 0.001937544
1747986948.986265 1.510808349 2.197658062 0.000395817 0.999991596 -0.000387281 0.001274247 0.003886801
1747986949.014106 1.509718776 2.197916746 0.000579147 0.999983966 -0.000222598 0.001259695 0.005521123
1747986949.041772 1.509099603 2.197771788 0.000454943 0.999975860 -0.000160143 0.001044650 0.006870856
1747986949.069475 1.508507252 2.197770119 0.000340748 0.999971509 -0.000121771 0.000816293 0.007506442
1747986949.097094 1.508026838 2.197788239 0.000200252 0.999970973 -0.000076070 0.000732881 0.007586499
1747986949.124660 1.507740974 2.197681189 -0.000041832 0.999977231 -0.000103436 0.000548646 0.006726593
1747986949.151366 1.507044196 2.197877169 0.000178724 0.999984205 0.000091553 0.000461869 0.005603360
1747986949.178930 1.506278634 2.198072672 0.000133262 0.999986351 0.000251586 0.000446390 0.005201365
1747986949.206723 1.505857348 2.198025465 0.000027330 0.999984860 0.000227291 0.000182672 0.005493045
1747986949.234497 1.505138993 2.197705507 -0.000559200 0.999978244 -0.000844810 -0.000410401 0.006533830
1747986949.262173 1.504192352 2.197965145 -0.000283063 0.999974728 -0.000632768 -0.000454795 0.007067095
1747986949.289941 1.503642440 2.198039293 -0.000342539 0.999972045 -0.000690658 -0.000521681 0.007426038
1747986949.317714 1.503115892 2.198400736 0.000180638 0.999977589 -0.000543457 -0.000395467 0.006661531
1747986949.345511 1.502853036 2.198489189 0.000005176 0.999987781 -0.000525502 -0.000295069 0.004912522
1747986949.373213 1.502647519 2.198554993 0.000083018 0.999993742 -0.000475821 -0.000275718 0.003500133
1747986949.400958 1.502448082 2.198306084 0.000061881 0.999997854 -0.000602714 -0.000185003 0.001959425
1747986949.428738 1.502844810 2.198354483 -0.000461771 0.999998987 -0.000627976 -0.000601028 0.001152845
1747986949.456314 1.502433419 2.198193550 -0.000683344 0.999998391 -0.000691446 -0.000603582 0.001555655
1747986949.483042 1.500968099 2.198823690 0.000179068 0.999995947 -0.000510138 -0.000259897 0.002793934
1747986949.510716 1.500513077 2.198723316 -0.000124566 0.999991000 -0.000669275 -0.000426741 0.004176733
1747986949.537445 1.499650955 2.199191093 0.000176796 0.999988854 -0.000538291 -0.000286209 0.004683454
1747986949.565127 1.499364972 2.199077129 -0.000041755 0.999981403 -0.000735375 -0.000477941 0.006037671
1747986949.592619 1.498889923 2.199258089 -0.000228512 0.999972939 -0.000673394 -0.000543008 0.007303718
1747986949.619807 1.498499513 2.199264288 -0.000127471 0.999963284 -0.000707826 -0.000586803 0.008523758
1747986949.647943 1.497875810 2.199585676 0.000040634 0.999967575 -0.000559579 -0.000519201 0.008019888
1747986949.676027 1.497825265 2.199792624 -0.000073578 0.999988616 -0.000229693 -0.000636116 0.004721770
