1747986919491364352.000000 0.000000000 0.000000000 0.000000000 -0.000000000 -0.000000000 -0.000000000 1.000000000
1747986923068046848.000000 0.001445742 0.015087474 0.000698710 -0.000279310 -0.000030514 0.001074393 0.999999404
1747986923344498688.000000 0.002091183 0.031278796 0.001281662 -0.000595620 -0.000005964 -0.001785413 0.999998271
1747986925248220672.000000 0.002762915 0.093673453 0.003124706 -0.003424178 0.000114834 -0.010919124 0.999934554
1747986925878210816.000000 0.002534914 0.116076447 0.004099050 -0.003206482 0.000032203 -0.007592613 0.999966025
1747986926427191808.000000 0.003031634 0.138711274 0.004704625 -0.003823601 0.000219486 -0.008591307 0.999955773
1747986926536985088.000000 0.002774636 0.142284557 0.004638222 -0.003953286 0.000193743 -0.006433491 0.999971449
1747986926784431616.000000 0.002934612 0.150471374 0.004887948 -0.004146140 0.000208860 -0.006741029 0.999968648
1747986927991131392.000000 0.003508449 0.180341333 0.005530010 -0.005912123 0.000709544 -0.004111976 0.999973834
1747986928603861248.000000 0.003356358 0.194385529 0.005616480 -0.004455480 0.000755362 -0.009372951 0.999945879
1747986929244022016.000000 0.003392422 0.216106161 0.006129932 -0.004320428 0.000732463 -0.006191588 0.999971271
1747986929526160384.000000 0.004618224 0.226135328 0.006502817 -0.004445027 0.000828311 -0.007983653 0.999957919
1747986929691932160.000000 0.005266093 0.234648496 0.007159141 -0.004671371 0.000668744 0.000968793 0.999988377
1747986930188782336.000000 0.005583806 0.252405822 0.007404243 -0.002790717 0.000339845 0.000368458 0.999996006
1747986931721726720.000000 0.009144479 0.253739774 0.007423190 -0.000878753 0.000430771 -0.022071684 0.999755919
1747986933129384960.000000 0.043180309 0.251824766 0.007252033 -0.003795508 0.001146814 -0.011235750 0.999929011
1747986934705815040.000000 0.081775881 0.251343518 0.007650792 -0.001597015 0.000524887 -0.012933320 0.999914944
1747986937175361280.000000 0.150998533 0.251500994 0.007491401 0.012407059 0.001644740 -0.011746984 0.999852717
1747986937649696512.000000 0.158927009 0.250156432 0.007575520 0.013964000 0.001721258 -0.035112172 0.999284327
1747986937734145536.000000 0.159754574 0.250233382 0.007542307 0.014742136 0.001840905 -0.035811037 0.999248147
1747986938684786176.000000 0.172270074 0.250283003 0.007040259 0.009476381 0.002089595 0.006436037 0.999932230
1747986938853070336.000000 0.172683731 0.247214064 0.007294937 0.011007431 0.001984008 0.013299753 0.999849021
1747986939243392512.000000 0.173813432 0.232807025 0.007463784 -0.003082243 0.002165644 0.004228310 0.999983966
1747986939353882112.000000 0.173793435 0.229237676 0.007109609 -0.003763010 0.002208289 0.004237440 0.999981523
1747986940946986752.000000 0.171051145 0.173988059 0.005613389 -0.004279136 0.003919943 -0.011607067 0.999915779
1747986941574002944.000000 0.169846445 0.166885346 0.005962844 -0.002430935 0.003675257 -0.018056756 0.999827266
1747986941765666304.000000 0.168661952 0.162303701 0.005720875 -0.001762854 0.003660076 -0.008515432 0.999955475
1747986941983336192.000000 0.168354616 0.152935326 0.005863998 -0.001017793 0.003590483 -0.013800080 0.999897838
1747986942700580864.000000 0.169225037 0.106734522 0.004373002 -0.002013732 0.004610795 -0.025036180 0.999673903
1747986942865377024.000000 0.169001535 0.098520853 0.004214404 -0.001897014 0.004685891 -0.021875221 0.999747932
1747986942946649856.000000 0.168654010 0.095137812 0.004012267 -0.001189995 0.002861884 -0.021153096 0.999771476
1747986943139876096.000000 0.168931574 0.088163786 0.003987328 -0.001827592 0.004898033 -0.033665974 0.999419510
1747986943415518976.000000 0.168720827 0.077200264 0.003723670 0.000533315 0.005008976 -0.026114592 0.999646306
1747986944216860672.000000 0.170818880 0.023736555 0.001924227 -0.000883038 0.004744545 0.002871400 0.999984264
1747986944382548480.000000 0.171151102 0.017115500 0.001937460 -0.000693342 0.004599945 0.003516433 0.999983013
1747986945985380352.000000 0.163177907 -0.001829446 0.001201675 0.000350162 0.003720956 -0.012849643 0.999910474
1747986946097116672.000000 0.161181405 -0.001385784 0.001380465 -0.000028378 0.003058852 -0.005354830 0.999980986
1747986946980522496.000000 0.115685605 -0.001657807 0.001452377 0.000058898 0.002329450 0.011288418 0.999933600
1747986948271367936.000000 0.039551210 -0.002518851 0.001276055 0.000227667 0.001360433 -0.027697787 0.999615431
1747986949178929920.000000 0.006233542 -0.001771238 0.000700017 0.000357491 0.000402936 0.005157122 0.999986589
1747986949289940992.000000 0.003521907 -0.001510015 0.000208350 -0.000497203 -0.000462322 0.007404743 0.999972343
1747986949400957952.000000 0.002303080 -0.001684600 0.000146505 -0.000608926 -0.000205626 0.001912657 0.999997973
1747986949619807488.000000 -0.001320907 -0.000520598 -0.000122579 -0.000584097 -0.000651882 0.008538744 0.999963164
