1747915197080935808
1747915197156977304
1747915197186191431
1747915197220354479
1747915197250802977
1747915197280852705
1747915197308997408
1747915197336841189
1747915197364638339
1747915197392934613
1747915197420997791
1747915197449252446
1747915197478050352
1747915197505678508
1747915197534498155
1747915197563035467
1747915197592026855
1747915197620859750
1747915197649576187
1747915197678225185
1747915197707018433
1747915197735788307
1747915197763625709
1747915197792240937
1747915197820958840
1747915197849870522
1747915197878640532
1747915197907672053
1747915197936526114
1747915197965318732
1747915197993992816
1747915198022650807
1747915198050542899
1747915198078301215
1747915198107008763
1747915198135772505
1747915198164167540
1747915198193647482
1747915198222418546
1747915198250296650
1747915198279119278
1747915198307930788
1747915198335848969
1747915198364354984
1747915198393248706
1747915198422060854
1747915198450426705
1747915198479320000
1747915198508502631
1747915198538245209
1747915198567197713
1747915198595102517
1747915198623969022
1747915198652475265
1747915198681512205
1747915198710734478
1747915198740821896
1747915198770262672
1747915198800268423
1747915198829039370
1747915198857766182
1747915198886724973
1747915198914631274
1747915198943186774
1747915198971825439
1747915199000456524
1747915199028150241
1747915199056752943
1747915199085395957
1747915199114179868
1747915199143067247
1747915199172070806
1747915199200167462
1747915199229116210
1747915199257223938
1747915199285864705
1747915199314757402
1747915199343616331
1747915199372387082
1747915199401572433
1747915199430509226
1747915199459559191
1747915199487363060
1747915199515572418
1747915199544300021
1747915199573092787
1747915199602014424
1747915199630814231
1747915199659917526
1747915199688705966
1747915199717614124
1747915199746424958
1747915199775301225
1747915199803742828
1747915199832441216
1747915199860501997
1747915199891229717
1747915199919919883
1747915199948256052
1747915199981534276
1747915200010395449
1747915200037975125
1747915200066216375
1747915200093541253
1747915200121670567
1747915200149057235
1747915200177250995
1747915200205572413
1747915200233733042
1747915200262388981
1747915200289999470
1747915200317722788
1747915200345287134
1747915200373753849
1747915200402159862
1747915200430381106
1747915200458373595
1747915200486700522
1747915200515081682
1747915200543335827
1747915200571557912
1747915200599833748
1747915200627292407
1747915200655552805
1747915200683642668
1747915200712011595
1747915200740303469
1747915200768276992
1747915200796805656
1747915200825235720
1747915200854591874
1747915200881965598
1747915200910368921
1747915200939120783
1747915200967585490
1747915200995046701
1747915201023516444
1747915201051969149
1747915201079480213
1747915201107928410
1747915201136383488
1747915201164944053
1747915201192611500
1747915201221263746
1747915201248900813
1747915201277641802
1747915201306130727
1747915201334738283
1747915201362903373
1747915201391164939
1747915201419420395
1747915201447582270
1747915201476149104
1747915201507357794
1747915201536995986
1747915201565477851
1747915201593888059
1747915201622307485
1747915201650715524
1747915201679198720
1747915201707659237
1747915201737012591
1747915201764972270
1747915201792854526
1747915201821462352
1747915201848841698
1747915201877161356
1747915201905705949
1747915201934353629
1747915201962648769
1747915201992321058
1747915202021050258
1747915202048534149
1747915202077006268
1747915202105093305
1747915202133523491
1747915202160941186
1747915202189269657
1747915202217714203
1747915202246313135
1747915202274513444
1747915202303296130
1747915202331216838
1747915202359934148
1747915202388234182
1747915202415925642
1747915202444193142
1747915202472339234
1747915202500534127
1747915202529028344
1747915202557686746
1747915202586330239
1747915202613919089
1747915202642599367
1747915202671151848
1747915202698822773
1747915202727087899
1747915202755235798
1747915202783482827
1747915202811194655
1747915202839463383
1747915202866582872
1747915202893792986
1747915202922677727
1747915202950952872
1747915202979018390
1747915203007246968
1747915203035357854
1747915203063586158
1747915203091936414
1747915203119934452
1747915203148221075
1747915203175526184
1747915203203694648
1747915203232502807
1747915203261925616
1747915203290774144
1747915203319824285
1747915203348348694
1747915203377322797
1747915203405779506
1747915203434730650
1747915203462592759
1747915203491259657
1747915203519990482
1747915203548843733
1747915203577829100
1747915203606801258
1747915203635748556
1747915203664408921
1747915203692832489
1747915203721483715
1747915203749036196
1747915203777465658
1747915203806240017
1747915203834908036
1747915203863577035
1747915203892606752
1747915203921219223
1747915203949028797
1747915203977633584
1747915204007282538
1747915204035113048
1747915204062867758
1747915204091759019
1747915204120674509
1747915204149943021
1747915204178702051
1747915204207652113
1747915204236664998
1747915204265480287
1747915204294395215
1747915204322408754
1747915204350389261
1747915204378346400
1747915204407008269
1747915204434825153
1747915204463341723
1747915204492309696
1747915204521175624
1747915204550099809
1747915204578916693
1747915204606982145
1747915204636103302
1747915204664921926
1747915204692742447
1747915204721318559
1747915204749185675
1747915204777712237
1747915204806131435
1747915204834771375
1747915204863358170
1747915204892142457
1747915204920979789
1747915204949961497
1747915204978516444
1747915205007444324
1747915205036414247
1747915205065230751
1747915205093903690
1747915205122476216
1747915205151595932
1747915205179440307
1747915205208044138
1747915205237025284
1747915205265489342
1747915205294756452
1747915205323768892
1747915205352559393
1747915205381463438
1747915205410172022
1747915205439012019
1747915205467737378
1747915205495455771
1747915205523971685
1747915205552678483
1747915205581357847
1747915205609790339
1747915205638337269
1747915205667385847
1747915205696079501
1747915205724848300
1747915205753643920
1747915205781615364
1747915205810366386
1747915205840257295
1747915205869167268
1747915205898319142
1747915205927480902
1747915205956684406
1747915205985666821
1747915206014785032
1747915206043449367
1747915206072466656
1747915206103904315
1747915206132873082
1747915206160975767
1747915206188745834
1747915206216333234
1747915206244824989
1747915206272414799
1747915206301432468
1747915206329314003
1747915206358063754
1747915206385772519
1747915206414356104
1747915206442933761
1747915206470686803
1747915206499501208
1747915206528287056
1747915206556969758
1747915206586309439
1747915206614146683
1747915206642889067
1747915206671715394
1747915206700456142
1747915206729371539
1747915206758194499
1747915206787723175
1747915206816972432
1747915206845763518
1747915206874676167
1747915206903233513
1747915206931990755
1747915206960707243
1747915206989357363
1747915207018013078
1747915207046665802
1747915207075581052
1747915207104180513
1747915207132977881
1747915207161743051
1747915207189504228
1747915207218139043
1747915207246759425
1747915207275472130
1747915207304153983
1747915207331722886
1747915207360469901
1747915207389374200
1747915207418055803
1747915207446817143
1747915207474699561
1747915207503311591
1747915207531767383
1747915207560339568
1747915207588893640
1747915207617689451
1747915207646261008
1747915207674958721
1747915207703620738
1747915207732300858
1747915207761169433
1747915207789841556
1747915207818414238
1747915207847032682
1747915207875639732
1747915207904175550
1747915207932624917
1747915207961046755
1747915207989815559
1747915208018644356
1747915208046612878
1747915208074504951
1747915208103572969
1747915208131498624
1747915208160465977
1747915208188236747
1747915208216959136
1747915208244706628
1747915208272675109
1747915208301569581
1747915208329392041
1747915208358010223
1747915208386675230
1747915208414197175
1747915208442598172
1747915208471134517
1747915208499652422
1747915208528448187
1747915208557496414
1747915208586515327
1747915208614283444
1747915208642910210
1747915208671457085
1747915208700329428
1747915208729293338
1747915208757897783
1747915208786754185
1747915208815670596
1747915208844074763
1747915208876168034
1747915208907661681
1747915208936471284
1747915208965544503
1747915208994913429
1747915209023767166
1747915209052546125
1747915209080642128
1747915209109503394
1747915209138277986
1747915209167123931
1747915209194864948
1747915209223347118
1747915209252177647
1747915209281081232
1747915209309784516
1747915209337431754
1747915209366176816
1747915209394833734
1747915209423247080
1747915209451799187
1747915209479576606
1747915209507820286
1747915209535363397
1747915209563578131
1747915209592010662
1747915209620429447
1747915209648707554
1747915209677376640
1747915209705710819
1747915209734162478
1747915209761620768
1747915209789894173
1747915209818207503
1747915209846734005
1747915209875311495
1747915209903790904
1747915209932980504
1747915209965905084
1747915209994454288
1747915210022944383
1747915210051367011
1747915210078944167
1747915210106571298
1747915210135049763
1747915210163981347
1747915210192692681
1747915210220849903
1747915210249233057
1747915210277626151
1747915210306316345
1747915210333986682
1747915210362354092
1747915210391358769
1747915210420141875
1747915210448889830
1747915210477634910
1747915210505484204
1747915210533311270
1747915210561892319
1747915210590307016
1747915210617895910
1747915210645526396
1747915210674240535
1747915210701936029
1747915210730424569
1747915210758770794
1747915210786997524
1747915210814665247
1747915210843110458
1747915210871592023
1747915210899995673
1747915210927582711
1747915210956298598
1747915210985047403
1747915211012438698
1747915211040848630
1747915211069408972
1747915211097892279
1747915211127673787
1747915211155553561
1747915211183363227
1747915211211689342
1747915211239398574
1747915211267633251
1747915211295428460
1747915211324166069
1747915211352545365
1747915211379891695
1747915211408222202
1747915211436875698
1747915211464355356
1747915211491811689
1747915211519986493
1747915211548604300
1747915211577090612
1747915211605837512
1747915211634607992
1747915211663889659
1747915211692442666
1747915211720836291
1747915211748448165
1747915211777268081
1747915211805798581
1747915211834409997
1747915211862914196
1747915211891151898
1747915211919513062
1747915211948044682
1747915211976524094
1747915212005120792
1747915212032778447
1747915212060208830
1747915212088416702
1747915212117165531
1747915212145717066
1747915212174593484
1747915212203213164
1747915212232149901
1747915212260109675
1747915212288054569
1747915212315738718
1747915212344253883
1747915212372697494
1747915212402984955
1747915212431509034
1747915212460090432
1747915212487941464
1747915212515545042
1747915212544415515
1747915212573041588
1747915212601900755
1747915212629640878
1747915212657975852
1747915212686525683
1747915212715223707
1747915212743935549
1747915212772564554
1747915212800990455
1747915212829444863
1747915212857975885
1747915212885586857
1747915212914078057
1747915212941815325
1747915212970142948
1747915212998798727
1747915213027490283
1747915213056324563
1747915213086613142
1747915213115434680
1747915213143290499
1747915213170945851
1747915213199518661
1747915213227536964
1747915213255835399
1747915213284376039
1747915213314032663
1747915213342856552
1747915213371512990
1747915213399619989
1747915213427040734
1747915213455438146
1747915213482820308
1747915213510385865
1747915213539972545
1747915213568740942
1747915213597352820
1747915213625260665
1747915213653955247
1747915213685936795
1747915213714607903
1747915213742283964
1747915213770719396
1747915213798996895
1747915213829419970
1747915213858147155
1747915213886330732
1747915213914860857
1747915213943090472
1747915213971344491
1747915214000024349
1747915214027681820
1747915214056458824
1747915214085495113
1747915214113405751
1747915214142438051
1747915214171004144
1747915214198786214
1747915214227462482
1747915214256130302
1747915214285565611
1747915214313845539
1747915214342687145
1747915214371374918
1747915214399432590
1747915214428304772
1747915214456810219
1747915214485297039
1747915214513222822
1747915214541831368
1747915214570669857
1747915214598541850
1747915214627129067
1747915214656148021
1747915214685086507
1747915214713854816
1747915214742657936
1747915214771193901
1747915214799631351
1747915214828588040
1747915214857157471
1747915214884703866
1747915214913287100
1747915214941906952
1747915214970749286
1747915214999238951
1747915215028295038
1747915215057362949
1747915215086187507
1747915215118038159
1747915215147526865
1747915215175903248
1747915215204301938
1747915215231961206
1747915215260527798
1747915215289179377
1747915215317778447
1747915215346568569
1747915215375045209
1747915215403229951
1747915215430935432
1747915215459313638
1747915215487022788
1747915215515649834
1747915215544784013
1747915215573529477
1747915215602247070
1747915215630187088
1747915215658907962
1747915215687700609
1747915215716618230
1747915215744463019
1747915215773311611
1747915215801756386
1747915215829535977
1747915215858161501
1747915215887167257
1747915215916219003
1747915215944136166
1747915215972799318
1747915216001549852
1747915216029433532
1747915216058322086
1747915216087119607
1747915216115886465
1747915216144443023
1747915216173473629
1747915216202131231
1747915216230684682
1747915216259369147
1747915216288221582
1747915216315959306
1747915216344381106
1747915216373066225
1747915216401595296
1747915216429544362
1747915216458530829
1747915216487488161
1747915216516376265
1747915216544443615
1747915216573245285
1747915216601081156
1747915216628782483
1747915216657666684
1747915216686360933
1747915216715042921
1747915216743684908
1747915216772655834
1747915216801759144
1747915216830477452
1747915216859197493
1747915216887127253
1747915216915579722
1747915216944399113
1747915216973309748
1747915217002508647
1747915217031001397
1747915217059855606
1747915217087734936
1747915217116428566
1747915217144679218
1747915217175766915
1747915217204962957
1747915217234423381
1747915217263966815
1747915217292617379
1747915217322914657
1747915217352081476
1747915217381053510
1747915217409982007
1747915217439274596
1747915217466925945
1747915217495403522
1747915217523934575
1747915217552939894
1747915217582082045
1747915217610826341
1747915217639648152
1747915217668315004
1747915217697163966
1747915217725932637
1747915217754670140
1747915217782668385
1747915217811184474
1747915217839515321
1747915217868512208
1747915217897382974
1747915217925964627
1747915217954595105
1747915217982942961
1747915218011418532
1747915218039435283
1747915218068453732
1747915218096387893
1747915218125322657
1747915218154277194
1747915218182995287
1747915218211576563
1747915218240118111
1747915218268197551
1747915218296937027
1747915218324904574
1747915218353940414
1747915218384063413
1747915218412814558
1747915218441452384
1747915218470288240
1747915218499365394
1747915218528287644
1747915218557390152
1747915218586287799
1747915218614229991
1747915218643131426
1747915218672368252
1747915218701434116
1747915218730102588
1747915218758971368
1747915218787798963
1747915218816443373
1747915218845252118
1747915218874187569
1747915218902943187
1747915218930858287
1747915218959697096
1747915218988461269
1747915219017223311
1747915219045960152
1747915219074918505
1747915219103732450
1747915219132372019
1747915219161269704
1747915219190220230
1747915219219270988
1747915219247132225
1747915219275966581
1747915219304948821
1747915219334140329
1747915219362832237
1747915219391466741
1747915219419957897
1747915219448592687
1747915219476263225
1747915219504695317
1747915219533381335
1747915219562030098
1747915219590622220
1747915219619156263
1747915219648105483
1747915219676993834
1747915219706174581
1747915219734409564
1747915219762224352
1747915219790992492
1747915219819562175
1747915219848009576
1747915219876886813
1747915219905663091
1747915219934274403
1747915219963025583
1747915219991794286
1747915220020331324
1747915220048245777
1747915220077127001
1747915220105760549
1747915220134306662
1747915220162289034
1747915220191089377
1747915220220064887
1747915220248760321
1747915220276495249
1747915220305384659
1747915220333350472
1747915220362199546
1747915220390856038
1747915220420271394
1747915220450636126
1747915220479749867
1747915220508652598
1747915220537717151
1747915220566471980
1747915220595827658
1747915220624181940
1747915220653692077
1747915220685357725
1747915220714594075
1747915220743970549
1747915220773123372
1747915220802511814
1747915220831502173
1747915220859784144
1747915220888394677
1747915220917698671
1747915220946220651
1747915220975227274
1747915221003302669
1747915221032365938
1747915221061164459
1747915221089180392
1747915221117863900
1747915221146921344
1747915221175808548
1747915221204525178
1747915221232481745
1747915221261309502
1747915221290477368
1747915221318705870
1747915221346856352
1747915221375378394
1747915221405975974
1747915221435209018
1747915221463687196
1747915221492706054
1747915221521431289
1747915221550117589
1747915221577925044
1747915221606543881
1747915221635159038
1747915221663991651
1747915221691883917
1747915221721777622
1747915221751257616
1747915221779516551
1747915221808467176
1747915221837405169
1747915221865847999
1747915221893662416
1747915221922208052
1747915221950668388
1747915221980021904
1747915222008860947
1747915222037720226
1747915222066082255
1747915222093846420
1747915222122319521
1747915222151092705
1747915222179657352
1747915222208365784
1747915222236957698
1747915222265447772
1747915222294049619
1747915222322941870
1747915222350615423
1747915222379080829
1747915222407814679
1747915222436232237
1747915222464619793
1747915222493162640
1747915222521565917
1747915222550143851
1747915222577788510
1747915222606429164
1747915222633872044
1747915222662305091
1747915222691081913
1747915222719478936
1747915222747656404
1747915222775727732
1747915222803957338
1747915222832086313
1747915222860438008
1747915222892484604
1747915222920582696
1747915222947716320
1747915222975781331
1747915223004143318
1747915223032158541
1747915223060417528
1747915223088553752
1747915223116710870
1747915223144940979
1747915223173363983
1747915223200872167
1747915223229229811
1747915223258568480
1747915223286964232
1747915223315457778
1747915223343737786
1747915223371945593
1747915223400362561
1747915223428780078
1747915223458589589
1747915223487287935
1747915223515689442
1747915223543919555
1747915223572079089
1747915223600505332
1747915223627783393
1747915223655895847
1747915223684227147
1747915223712707499
1747915223741301298
1747915223768690852
1747915223796913669
1747915223825200205
1747915223853598560
1747915223881830953
1747915223910293014
1747915223938508186
1747915223965986437
1747915223993573880
1747915224022030881
1747915224049398563
1747915224077448209
1747915224105482779
1747915224133606265
1747915224161725409
1747915224189890253
1747915224218149488
1747915224246455245
1747915224274677543
1747915224303113915
1747915224330425417
1747915224358575719
1747915224386850541
1747915224415048097
1747915224443292621
1747915224475435840
1747915224503763805
1747915224532469349
1747915224560628544
1747915224589477613
1747915224616748983
1747915224643895556
1747915224671772056
1747915224699995903
1747915224727502535
1747915224755683594
1747915224784137888
1747915224812481378
1747915224841399002
1747915224869803824
1747915224898486275
1747915224925814461
1747915224954012402
1747915224982291035
1747915225011098299
1747915225039438742
1747915225067446211
1747915225095707850
1747915225124106728
1747915225152768388
1747915225181178967
1747915225209759394
1747915225238214335
1747915225266452286
1747915225294859673
1747915225323189023
1747915225351582357
1747915225379780605
1747915225408040874
1747915225436384488
1747915225463771931
1747915225491947033
1747915225521709561
1747915225550215579
1747915225578580377
1747915225607066070
1747915225635406026
1747915225685438985
