1747986919437032287
1747986919464255269
1747986919491364162
1747986919518578044
1747986919545867584
1747986919573291826
1747986919600592240
1747986919627438260
1747986919654100934
1747986919682203245
1747986919709425241
1747986919737305728
1747986919764430677
1747986919792215036
1747986919819262700
1747986919846354830
1747986919873465008
1747986919900427587
1747986919928322006
1747986919955255189
1747986919982880085
1747986920010114904
1747986920037056554
1747986920064751159
1747986920093054138
1747986920120650784
1747986920148214213
1747986920175047045
1747986920202620632
1747986920229639230
1747986920257077460
1747986920283970594
1747986920311473224
1747986920338569093
1747986920366278801
1747986920393998179
1747986920420887745
1747986920447791224
1747986920475397229
1747986920502270387
1747986920530023711
1747986920557786572
1747986920585442814
1747986920613150667
1747986920640205182
1747986920667570362
1747986920695103063
1747986920722649649
1747986920750984635
1747986920778094700
1747986920804963339
1747986920832896963
1747986920860977510
1747986920887952022
1747986920915775898
1747986920943785566
1747986920970843111
1747986920997888225
1747986921026305859
1747986921053313643
1747986921081241650
1747986921109169751
1747986921137341482
1747986921164590952
1747986921192043775
1747986921219584700
1747986921247040599
1747986921274655909
1747986921302337751
1747986921328920012
1747986921356566602
1747986921384376481
1747986921412102497
1747986921439043823
1747986921466761212
1747986921494854708
1747986921522834627
1747986921550655114
1747986921578754827
1747986921605661229
1747986921632796460
1747986921660304350
1747986921687277492
1747986921715472025
1747986921743166718
1747986921769980569
1747986921797634433
1747986921825222465
1747986921852917307
1747986921880281242
1747986921907948583
1747986921935597230
1747986921963361515
1747986921990936900
1747986922018803581
1747986922046511154
1747986922074251723
1747986922101958471
1747986922129814290
1747986922157587928
1747986922184371137
1747986922211977694
1747986922238997226
1747986922266753670
1747986922294453977
1747986922322010439
1747986922349612853
1747986922377187568
1747986922403872881
1747986922431261252
1747986922457894494
1747986922485489650
1747986922512973996
1747986922540721642
1747986922569565646
1747986922597683534
1747986922625761150
1747986922653639647
1747986922681499908
1747986922709143680
1747986922736791941
1747986922764626108
1747986922792463945
1747986922820297187
1747986922847924513
1747986922875390766
1747986922902979882
1747986922930619968
1747986922958328438
1747986922986159508
1747986923012878101
1747986923040514438
1747986923068046610
1747986923095554155
1747986923123187604
1747986923151115380
1747986923178699631
1747986923206228800
1747986923233858322
1747986923261535499
1747986923289233247
1747986923316716557
1747986923344498392
1747986923371981293
1747986923399405326
1747986923427113668
1747986923454795058
1747986923482646550
1747986923510382664
1747986923537258783
1747986923565018354
1747986923592819995
1747986923619576454
1747986923647336629
1747986923674984866
1747986923702626988
1747986923730129179
1747986923758110916
1747986923784963457
1747986923812910590
1747986923839996526
1747986923867783420
1747986923895562697
1747986923922683150
1747986923950439229
1747986923978255903
1747986924006108455
1747986924034041305
1747986924062138954
1747986924088960803
1747986924115451257
1747986924142892888
1747986924170516703
1747986924198096368
1747986924225800659
1747986924253477346
1747986924281190408
1747986924308829758
1747986924336776574
1747986924363579570
1747986924391320539
1747986924418169268
1747986924446100552
1747986924473825022
1747986924501411987
1747986924529242949
1747986924557000374
1747986924584614484
1747986924612468680
1747986924639178824
1747986924666023837
1747986924693817624
1747986924721652727
1747986924749500973
1747986924777097233
1747986924805154350
1747986924832930341
1747986924860813507
1747986924888641427
1747986924916583930
1747986924944533464
1747986924972159151
1747986924999987080
1747986925027483201
1747986925055121464
1747986925082779624
1747986925110516084
1747986925138184762
1747986925165938164
1747986925192792571
1747986925220664858
1747986925248220725
1747986925275550208
1747986925303016098
1747986925330720165
1747986925358125746
1747986925385556141
1747986925412935187
1747986925440554214
1747986925467175370
1747986925494864333
1747986925521453111
1747986925549259868
1747986925576684645
1747986925604312602
1747986925632007988
1747986925659411015
1747986925687022183
1747986925714810635
1747986925741589702
1747986925769030028
1747986925796384648
1747986925823310089
1747986925850641518
1747986925878210641
1747986925905854734
1747986925933517463
1747986925960987250
1747986925988714629
1747986926016054647
1747986926043267354
1747986926070598263
1747986926098001610
1747986926125681858
1747986926152950062
1747986926180376416
1747986926207857867
1747986926235371489
1747986926262892711
1747986926290243455
1747986926317640237
1747986926344959535
1747986926372407718
1747986926399828932
1747986926427191522
1747986926454431698
1747986926481987754
1747986926509502634
1747986926536985182
1747986926564384745
1747986926591752483
1747986926619172477
1747986926646654361
1747986926674269187
1747986926701735273
1747986926729291883
1747986926756752061
1747986926784431638
1747986926812053495
1747986926838751026
1747986926866293778
1747986926893941156
1747986926920435657
1747986926947728595
1747986926975142476
1747986927002600903
1747986927030414332
1747986927058038203
1747986927085904638
1747986927112724211
1747986927139985118
1747986927166596856
1747986927194242391
1747986927221927710
1747986927249429667
1747986927276941214
1747986927303748226
1747986927331254741
1747986927358960431
1747986927385602317
1747986927413153138
1747986927440678055
1747986927467991504
1747986927495340412
1747986927522422717
1747986927549985283
1747986927577503346
1747986927605162453
1747986927632792381
1747986927660433677
1747986927687027586
1747986927714486317
1747986927742133788
1747986927769733471
1747986927797184334
1747986927824849506
1747986927852462857
1747986927880218230
1747986927907966272
1747986927935612445
1747986927963346054
1747986927991131206
1747986928018770170
1747986928046614049
1747986928074425348
1747986928102556001
1747986928130470023
1747986928158328166
1747986928186356571
1747986928213685636
1747986928241484140
1747986928269571977
1747986928297517475
1747986928325357523
1747986928353059691
1747986928380852445
1747986928408685053
1747986928436845927
1747986928465016359
1747986928493128534
1747986928520185692
1747986928548093070
1747986928576189324
1747986928603861347
1747986928631572740
1747986928659285190
1747986928687143932
1747986928714932063
1747986928742827097
1747986928770645741
1747986928798515446
1747986928826602837
1747986928853608546
1747986928881606150
1747986928909426075
1747986928937347310
1747986928965385073
1747986928993515447
1747986929020596513
1747986929048642413
1747986929075845432
1747986929103725800
1747986929131791423
1747986929159814418
1747986929187812778
1747986929215961412
1747986929244021776
1747986929272145520
1747986929300443369
1747986929328861897
1747986929356964777
1747986929384966310
1747986929412955447
1747986929441127724
1747986929469446809
1747986929497991416
1747986929526160404
1747986929554211039
1747986929581457397
1747986929608456876
1747986929636382109
1747986929664277438
1747986929691932075
1747986929718719861
1747986929746503158
1747986929774307864
1747986929802223279
1747986929829323409
1747986929858353591
1747986929885401384
1747986929913306123
1747986929941218768
1747986929969646812
1747986929997335810
1747986930025037068
1747986930052566797
1747986930080028647
1747986930107414977
1747986930135250868
1747986930161942317
1747986930188782023
1747986930216457380
1747986930244289958
1747986930271806165
1747986930299393468
1747986930327064260
1747986930354616201
1747986930382168373
1747986930410055105
1747986930436878893
1747986930464773259
1747986930492483395
1747986930520622030
1747986930548772857
1747986930576815941
1747986930604794987
1747986930633109504
1747986930661109676
1747986930689076317
1747986930717092827
1747986930744969193
1747986930773126047
1747986930801029704
1747986930828877492
1747986930855998096
1747986930884002522
1747986930912169010
1747986930939744233
1747986930967536441
1747986930995517163
1747986931023289513
1747986931051434463
1747986931079240878
1747986931107216469
1747986931134485168
1747986931162477424
1747986931190426482
1747986931218734447
1747986931247124056
1747986931274484805
1747986931301821744
1747986931330228843
1747986931358426823
1747986931386477759
1747986931414611202
1747986931442809369
1747986931470166565
1747986931498423689
1747986931526810347
1747986931554112858
1747986931582076473
1747986931610037778
1747986931637158863
1747986931665479419
1747986931693572876
1747986931721726472
1747986931749778490
1747986931778020859
1747986931806082814
1747986931834127415
1747986931862123676
1747986931889174627
1747986931916656179
1747986931944280639
1747986931971772859
1747986931999286516
1747986932026901024
1747986932054484479
1747986932082185846
1747986932109635490
1747986932137276986
1747986932164784758
1747986932192381856
1747986932219050425
1747986932246540187
1747986932274272385
1747986932301930190
1747986932329685541
1747986932357433342
1747986932385260519
1747986932412682307
1747986932440235190
1747986932467662205
1747986932495032262
1747986932522576912
1747986932550174548
1747986932577742672
1747986932605241531
1747986932632932783
1747986932659791210
1747986932687329865
1747986932714808603
1747986932742277901
1747986932769947412
1747986932797628213
1747986932825347046
1747986932852824137
1747986932880549210
1747986932908282453
1747986932935940878
1747986932963022568
1747986932990707335
1747986933018425439
1747986933046226181
1747986933073949998
1747986933101702750
1747986933129384861
1747986933156942799
1747986933184503661
1747986933211981789
1747986933239462475
1747986933267033593
1747986933294555663
1747986933322012618
1747986933349593272
1747986933377070156
1747986933404499412
1747986933431937789
1747986933459546812
1747986933486240410
1747986933513829185
1747986933541655967
1747986933569420354
1747986933597078298
1747986933624823240
1747986933652526551
1747986933680151538
1747986933708260289
1747986933736184596
1747986933763385773
1747986933791213832
1747986933818922550
1747986933846677348
1747986933874744077
1747986933904686846
1747986933932524284
1747986933960171819
1747986933986863889
1747986934014784345
1747986934041863453
1747986934069872050
1747986934097642164
1747986934125388675
1747986934152295397
1747986934180029947
1747986934207412395
1747986934235085769
1747986934262848440
1747986934290542701
1747986934317533012
1747986934345390790
1747986934372516054
1747986934400553123
1747986934428502104
1747986934456426998
1747986934484350989
1747986934512261475
1747986934540247101
1747986934567315746
1747986934595160041
1747986934622400448
1747986934650470598
1747986934678623844
1747986934705815069
1747986934733596078
1747986934761476578
1747986934789342643
1747986934817296177
1747986934845666846
1747986934873065093
1747986934900033800
1747986934928190504
1747986934957532485
1747986934985400953
1747986935013130910
1747986935040929122
1747986935067578592
1747986935095279428
1747986935122895035
1747986935150564600
1747986935178438433
1747986935206142921
1747986935233956863
1747986935261800858
1747986935289410785
1747986935317200326
1747986935345162658
1747986935372829265
1747986935400712174
1747986935428694404
1747986935455897264
1747986935483774543
1747986935511574552
1747986935539199327
1747986935566978104
1747986935594740945
1747986935622615580
1747986935650323527
1747986935678595272
1747986935705734640
1747986935733739853
1747986935760692559
1747986935788623757
1747986935816614911
1747986935844693801
1747986935871839010
1747986935899962685
1747986935927705617
1747986935955736351
1747986935983581872
1747986936011537808
1747986936039535163
1747986936067381659
1747986936094898248
1747986936122964937
1747986936150779312
1747986936178695673
1747986936206662651
1747986936234693815
1747986936262838270
1747986936289928866
1747986936316806914
1747986936344533284
1747986936372444384
1747986936400401584
1747986936428513639
1747986936455815736
1747986936484048880
1747986936511938724
1747986936538872617
1747986936566776047
1747986936594662091
1747986936621597061
1747986936649501556
1747986936677481538
1747986936705197608
1747986936732923988
1747986936760975557
1747986936788037507
1747986936815832480
1747986936842955947
1747986936870756320
1747986936898578724
1747986936926404857
1747986936953284628
1747986936980855255
1747986937008660119
1747986937036321612
1747986937064064239
1747986937091758032
1747986937119511028
1747986937147380544
1747986937175361250
1747986937203441745
1747986937231454748
1747986937259247961
1747986937287350867
1747986937315094519
1747986937343248920
1747986937370408152
1747986937398379423
1747986937426492036
1747986937453691549
1747986937481635723
1747986937509532129
1747986937537831746
1747986937565971516
1747986937594114776
1747986937622483335
1747986937649696533
1747986937677944735
1747986937705984616
1747986937734145428
1747986937762182442
1747986937790301604
1747986937819147461
1747986937847313692
1747986937875572236
1747986937903889008
1747986937931363108
1747986937959419284
1747986937987480970
1747986938015507529
1747986938043590218
1747986938071626646
1747986938099473850
1747986938127622425
1747986938158207774
1747986938185476947
1747986938213466087
1747986938240169974
1747986938268102686
1747986938295976543
1747986938323889757
1747986938351828396
1747986938379751386
1747986938407538634
1747986938435267661
1747986938463254256
1747986938491180681
1747986938519063192
1747986938546797685
1747986938574316237
1747986938602121199
1747986938629628018
1747986938657184866
1747986938684785892
1747986938712455360
1747986938740555074
1747986938768925628
1747986938797016801
1747986938824924686
1747986938853070174
1747986938880844256
1747986938908684540
1747986938936519957
1747986938964292081
1747986938992139361
1747986939019981858
1747986939047588816
1747986939075293926
1747986939103263350
1747986939131256724
1747986939159100019
1747986939187073431
1747986939215427786
1747986939243392201
1747986939271122795
1747986939299094150
1747986939326083187
1747986939353881756
1747986939381770677
1747986939409488112
1747986939436474494
1747986939464385595
1747986939492213022
1747986939520110568
1747986939548167656
1747986939576178142
1747986939604195881
1747986939631693509
1747986939659334891
1747986939686139614
1747986939713869286
1747986939741331405
1747986939768672421
1747986939796038609
1747986939823508597
1747986939851142587
1747986939877921665
1747986939905474781
1747986939932827749
1747986939960298332
1747986939987784935
1747986940015181491
1747986940042648314
1747986940069992851
1747986940097617394
1747986940125302092
1747986940154104013
1747986940181340371
1747986940209070518
1747986940235847545
1747986940262408795
1747986940289980957
1747986940317500390
1747986940345110624
1747986940371833711
1747986940399371312
1747986940425948930
1747986940453673003
1747986940481083716
1747986940508578496
1747986940536289953
1747986940563698620
1747986940591143715
1747986940617803426
1747986940645342618
1747986940672867977
1747986940700257655
1747986940727324069
1747986940754136251
1747986940781771792
1747986940809247426
1747986940836884601
1747986940864384253
1747986940891727213
1747986940919202798
1747986940946986504
1747986940973503124
1747986940999979656
1747986941027450241
1747986941054908700
1747986941082475318
1747986941110124105
1747986941136721345
1747986941164236448
1747986941191950899
1747986941219601639
1747986941246419418
1747986941273168476
1747986941299551725
1747986941327080057
1747986941354612674
1747986941382319876
1747986941409976557
1747986941436734241
1747986941464474684
1747986941492083552
1747986941518873698
1747986941546419205
1747986941574002940
1747986941600770804
1747986941628457848
1747986941656124456
1747986941683579416
1747986941711030214
1747986941737890540
1747986941765666008
1747986941792396587
1747986941819750535
1747986941847241041
1747986941874794787
1747986941901165543
1747986941928609131
1747986941955950219
1747986941983336143
1747986942010714746
1747986942038221595
1747986942064751431
1747986942092256446
1747986942119555491
1747986942146986005
1747986942174310821
1747986942201984740
1747986942229673591
1747986942257302476
1747986942284999878
1747986942312934867
1747986942339958710
1747986942366829593
1747986942394645486
1747986942422745595
1747986942450609969
1747986942478830689
1747986942506624566
1747986942534503434
1747986942562760250
1747986942589924692
1747986942617750341
1747986942644640038
1747986942672549159
1747986942700580655
1747986942728287416
1747986942755134925
1747986942781830809
1747986942809520461
1747986942837417810
1747986942865376770
1747986942891995303
1747986942918717145
1747986942946649724
1747986942974689318
1747986943002332257
1747986943030285116
1747986943058167521
1747986943085041202
1747986943112747930
1747986943139876141
1747986943166998493
1747986943194760292
1747986943221685197
1747986943249546700
1747986943277347586
1747986943305145138
1747986943332965203
1747986943360644279
1747986943387636484
1747986943415518852
1747986943442320389
1747986943469901425
1747986943497571681
1747986943525431105
1747986943552560465
1747986943580440675
1747986943608205948
1747986943635960543
1747986943663736540
1747986943690936674
1747986943718634002
1747986943745641261
1747986943773682126
1747986943801683076
1747986943829775038
1747986943857851652
1747986943885969360
1747986943913825043
1747986943941605970
1747986943968347696
1747986943996330737
1747986944023213148
1747986944050922112
1747986944078649670
1747986944106510693
1747986944133780432
1747986944160884852
1747986944188615588
1747986944216860791
1747986944244806517
1747986944271978614
1747986944299817236
1747986944327689240
1747986944354677248
1747986944382548580
1747986944410376966
1747986944438058757
1747986944465684619
1747986944493619295
1747986944521481319
1747986944548440686
1747986944576447505
1747986944603580517
1747986944631489788
1747986944659257170
1747986944687122675
1747986944714773002
1747986944742522876
1747986944769206037
1747986944796676263
1747986944823613993
1747986944851340316
1747986944878807621
1747986944905405526
1747986944932867332
1747986944960396396
1747986944988170265
1747986945015754497
1747986945043689478
1747986945070604645
1747986945098293066
1747986945124987874
1747986945152598685
1747986945180762942
1747986945208831240
1747986945235887624
1747986945263799361
1747986945291931072
1747986945319952469
1747986945347834060
1747986945374980488
1747986945402136237
1747986945429177475
1747986945457126961
1747986945484892538
1747986945512809341
1747986945540903030
1747986945568016955
1747986945596073386
1747986945624373198
1747986945651573757
1747986945679416051
1747986945706643252
1747986945733804780
1747986945761794109
1747986945789751856
1747986945817926051
1747986945846157100
1747986945874214419
1747986945901378526
1747986945929669830
1747986945956825103
1747986945985380363
1747986946013558226
1747986946041705420
1747986946068971764
1747986946097116707
1747986946124966192
1747986946152780430
1747986946180701721
1747986946207735379
1747986946234653332
1747986946262383803
1747986946290745337
1747986946318873213
1747986946346870820
1747986946374802772
1747986946402177836
1747986946430315456
1747986946458799833
1747986946486227762
1747986946513817259
1747986946541332002
1747986946568010940
1747986946595682322
1747986946623355716
1747986946650861989
1747986946678363774
1747986946706063646
1747986946733761082
1747986946760497194
1747986946787576596
1747986946815005610
1747986946842448662
1747986946869973819
1747986946897600847
1747986946925255978
1747986946952781201
1747986946980522277
1747986947008292679
1747986947035128534
1747986947062740979
1747986947089874020
1747986947116714948
1747986947144262246
1747986947172051670
1747986947199671709
1747986947227019536
1747986947254765213
1747986947282543981
1747986947309322971
1747986947335841160
1747986947363168063
1747986947390554068
1747986947418150336
1747986947445573141
1747986947473111277
1747986947499869170
1747986947527405395
1747986947554892992
1747986947581461677
1747986947608903072
1747986947636562520
1747986947664010290
1747986947691384756
1747986947718739216
1747986947746225504
1747986947773876850
1747986947801454347
1747986947828971510
1747986947856563035
1747986947884311916
1747986947911919369
1747986947939518113
1747986947967207985
1747986947995089806
1747986948022708074
1747986948050592511
1747986948078403160
1747986948105943521
1747986948133564835
1747986948161446011
1747986948188206066
1747986948215811198
1747986948243596993
1747986948271367882
1747986948299258844
1747986948327118097
1747986948354181754
1747986948382238390
1747986948409238828
1747986948437015470
1747986948464703598
1747986948492445339
1747986948519347104
1747986948546983366
1747986948574764374
1747986948602329427
1747986948630041900
1747986948657322844
1747986948683902300
1747986948710367674
1747986948737946950
1747986948765687546
1747986948793435054
1747986948821118164
1747986948848864785
1747986948876386156
1747986948903341207
1747986948931290999
1747986948958256219
1747986948986264515
1747986949014105321
1747986949041771556
1747986949069474745
1747986949097093396
1747986949124659401
1747986949151365722
1747986949178929841
1747986949206723302
1747986949234497336
1747986949262173049
1747986949289941073
1747986949317713833
1747986949345510925
1747986949373212957
1747986949400957839
1747986949428738351
1747986949456314026
1747986949483042316
1747986949510716507
1747986949537444550
1747986949565127057
1747986949592619308
1747986949619807592
1747986949647942313
1747986949676026878
